0
-1.000000000000000000e+00 0.000000000000000000e+00
-3.999999999999999112e-01 4.000000000000001332e-01
-2.000000000000000000e+00 2.000000000000000000e+00
-2.000000000000000000e+00 2.000000000000000000e+00
-2.000000000000000000e+00 2.000000000000000000e+00
-5.888112323882338517e-01 3.463468675273243536e-01 -1.994587104242772302e+00 -3.011644288229500255e-01 -1.261857599231730021e+00
-1.364828784652964977e-01 2.908555968442519957e-01 -3.999335585344425681e-01 1.532024410676952719e+00 -4.152857685508339891e-01
-7.880991738758840182e-01 -3.112917332283845484e-01 -5.253755213523034762e-01 -1.988566277777828351e+00 1.878775149395939259e+00
-8.491017074023562428e-01 1.381480432846170503e-01 1.657319160888755860e+00 6.615357723802528511e-01 9.084278263280576304e-01
-1.258807267313033496e-01 2.348033197582802822e-01 -1.020601292951077710e-01 -5.775088220125983440e-01 3.587668454172763255e-01
-6.098429728009879813e-02 3.893106073970589165e-01 9.053993972607030649e-01 1.611540435899151191e+00 8.237784620396637614e-01
