0
0.000000000000000000e+00 1.000000000000000000e+00
-3.999999999999999112e-01 4.000000000000001332e-01
-2.000000000000000000e+00 2.000000000000000000e+00
-2.000000000000000000e+00 2.000000000000000000e+00
-2.000000000000000000e+00 2.000000000000000000e+00
8.456144321287240029e-02 1.513622347136871493e-01 -8.631821947343212287e-01 -9.606391553135069650e-01 9.031733984697987161e-01
5.967679033122391674e-01 -2.504958869874444605e-01 -1.283283118477957174e+00 -1.036975664135876496e+00 1.287732910061940128e+00
4.606818380578596717e-01 -1.202844259792476000e-01 1.358813727715966646e+00 -1.588378172091919893e-01 -1.238069470675159156e+00
5.811275262352839643e-01 -2.227220978128993667e-01 -6.867451101035859651e-01 7.025988489082770627e-01 -9.194676535363410785e-01
3.550219121096270802e-01 -3.407353021059879583e-01 -1.346900923700785402e+00 9.350314030922608488e-01 1.513253250013089080e-01
9.260165850630007744e-01 -2.435543648515732518e-01 4.278447469913966295e-01 6.257333442482435615e-01 1.795369087840526845e+00
