3.444720999999999833e+01
3.739001999999999981e+01
6.694432000000000471e+01
5.033921999999999741e+01
5.635237000000000052e+01
5.085537000000000063e+01
8.083678000000000452e+01
4.878656999999999755e+01
6.296450999999999709e+01
4.929522000000000048e+01
4.766420999999999708e+01
5.994097000000000008e+01
3.732173999999999836e+01
3.052340999999999838e+01
2.422467999999999932e+01
5.976393000000000200e+01
4.932527000000000328e+01
6.936714999999999520e+01
3.014236000000000004e+01
4.527261000000000024e+01
