0
-2.000000000000000000e+00 -1.000000000000000000e+00
1.200000000000000178e+00 2.000000000000000000e+00
-2.000000000000000000e+00 2.000000000000000000e+00
-2.000000000000000000e+00 2.000000000000000000e+00
-2.000000000000000000e+00 2.000000000000000000e+00
-1.140574673910283110e+00 1.300628424839321395e+00 -1.894060423861733344e+00 -1.622979343322942469e+00 -1.133518585356635633e+00
-1.485137346878866893e+00 1.704381900580146603e+00 1.777841180604370130e+00 9.114787965456483398e-01 8.628745146971832369e-01
-1.350948203801222380e+00 1.665960086396526929e+00 -1.509228423344712855e+00 -7.719995654654501216e-01 -1.940965132641712554e+00
-1.445455027815742532e+00 1.345357787520346848e+00 -1.601250398663962571e+00 -9.043413857033013592e-01 -7.087258353140608591e-01
-1.895377645944454459e+00 1.286733562422416544e+00 1.522943978855015867e+00 -4.520150798934818859e-01 1.287310369659137699e+00
-1.754711954894054848e+00 1.927542450933472207e+00 -4.958316017877950621e-01 -1.971308803474961735e+00 -3.176386251525769033e-01
