0
-1.000000000000000000e+00 0.000000000000000000e+00
4.000000000000003553e-01 1.200000000000000400e+00
-2.000000000000000000e+00 2.000000000000000000e+00
-2.000000000000000000e+00 2.000000000000000000e+00
-2.000000000000000000e+00 2.000000000000000000e+00
-8.722845290693223008e-01 8.946015747913513838e-01 1.071179672089782375e+00 -4.965520305583082106e-02 6.895545696133571489e-01
-9.455716160618784505e-01 7.766447527566047171e-01 6.668254665130972647e-01 -1.457092098345527109e+00 -8.517963529482228680e-01
-8.249333798389826278e-01 5.007471166782397898e-01 -2.645553497499886220e-01 -4.460469613918065512e-01 1.771038737193217916e+00
-6.675468436580427323e-01 1.151672265136155282e+00 7.535076987196864806e-02 -1.879448408187557540e+00 1.937636003594565004e-01
-7.906740045634230718e-01 1.149950273787408328e+00 -5.719146074917009770e-01 -1.070851618046555043e+00 -4.470763996771038862e-01
-2.849485676375040910e-02 1.065725834115103243e+00 1.528706487745919329e+00 -6.756845556155579580e-01 1.530661435509104606e+00
