

 MARS modeling, version 3.6 (3/25/93)


 input parameters (see doc.):
    n     p    nk    ms    mi     df    il    fv     ic
  3000    5    50     0     5   3.000    0  0.000     0

 predictor variable flags:
 var:    1  2  3  4  5
 flag:   1  1  1  1  1

 ordinal response:
      min         n/4         n/2        3n/4         max
    31.25       82.79       96.40       110.2       154.1    

 there are  5 ordinal predictor variables.

  var     min         n/4         n/2        3n/4         max
   1   -2.000      -1.001     -0.6669E-03  0.9997       2.000    
   2   -2.000      -1.001     -0.6669E-03  0.9997       2.000    
   3   -2.000      -1.001     -0.6669E-03  0.9997       2.000    
   4   -2.000      -1.001     -0.6669E-03  0.9997       2.000    
   5   -2.000      -1.001     -0.6669E-03  0.9997       2.000    


 forward stepwise knot placement:

  basfn(s)    gcv      #indbsfns  #efprms   variable      knot            parent
     0       396.9          0.0      1.0
   2   1     393.6          2.0      6.0          2.        0.3354                 0.
   4   3     384.6          4.0     11.0          4.       -0.5702                 2.
   6   5     376.4          6.0     16.0          3.         1.400                 2.
     7       366.4          7.0     20.0          5.        -2.000                 6.
   9   8     355.3          9.0     25.0          1.       -0.5135E-01             6.
  11  10     350.7         11.0     30.0          1.        0.6489                 1.
  13  12     346.5         13.0     35.0          3.         1.584                10.
  15  14     343.5         15.0     40.0          4.         1.462                10.
  17  16     339.2         17.0     45.0          5.         1.753                15.
  19  18     337.8         19.0     50.0          5.        -1.485                 3.
    20       336.7         20.0     54.0          1.        -2.000                 3.
  22  21     335.8         22.0     59.0          3.       -0.9156                 0.
  24  23     330.8         24.0     64.0          4.        -1.644                21.
  26  25     326.3         26.0     69.0          5.         1.094                21.
  28  27     322.1         28.0     74.0          1.       -0.8716                25.
    29       318.7         29.0     78.0          4.        -2.000                26.
  31  30     317.3         31.0     83.0          1.       -0.8369                24.
  33  32     316.5         33.0     88.0          5.        -1.434                22.
  35  34     315.9         35.0     93.0          4.        -1.691                 0.
    36       312.6         36.0     97.0          1.        -2.000                34.
  38  37     309.4         38.0    102.0          1.        0.5382                21.
  40  39     305.6         40.0    107.0          5.        0.1781                38.
  42  41     303.2         42.0    112.0          2.        0.4261                38.
    43       301.9         43.0    116.0          2.        -2.000                26.
    44       300.3         44.0    120.0          5.        -2.000                34.
  46  45     300.0         46.0    125.0          4.        0.2407                 1.
  48  47     299.3         48.0    130.0          5.       -0.6836                46.
  50  49     298.9         50.0    135.0          3.       -0.4742                47.

 final model after backward stepwise elimination:

 bsfn:       0           1           2           3           4           5    
 coef:   94.53       0.000       12.05       0.000       6.794       14.39    

 bsfn:       6           7           8           9          10          11    
 coef:  -7.742       1.119       1.341       0.000       0.000       5.346    

 bsfn:      12          13          14          15          16          17    
 coef:   0.000       0.000       0.000       0.000       0.000       0.000    

 bsfn:      18          19          20          21          22          23    
 coef:   0.000       0.000     -0.8762      -15.72       0.000       3.349    

 bsfn:      24          25          26          27          28          29    
 coef:   0.000       0.000       4.161       0.000       0.000     -0.7826    

 bsfn:      30          31          32          33          34          35    
 coef:   0.000       0.000       3.044       29.17      -10.03       0.000    

 bsfn:      36          37          38          39          40          41    
 coef:   2.747       0.000       8.383       0.000      -3.335      -2.532    

 bsfn:      42          43          44          45          46          47    
 coef:  -2.998      0.7800       1.385       4.919       0.000      -3.400    

 bsfn:      48          49          50        
 coef:   5.626       1.954       4.452    

   (piecewise linear) gcv =    291.5       #efprms =  73.4

 anova decomposition on 27 basis functions:
  fun. std. dev.     -gcv    #bsfns  #efprms  variable(s)
   1    9.313       299.3       1       2.7     2
   2    15.21       311.8       1       2.7     3
   3    11.39       306.1       1       2.7     4
   4    3.349       298.9       2       5.4     2   4
   5    12.75       308.9       2       5.4     2   3
   6    3.777       295.3       1       2.7     1   2
   7    7.667       296.8       1       2.7     3   4
   8    7.378       297.6       3       8.0     3   5
   9    9.018       308.8       1       2.7     1   4
  10    12.03       313.7       1       2.7     1   3
  11    4.620       294.2       1       2.7     4   5
  12    4.585       296.7       2       5.4     2   3   5
  13    5.991       298.3       3       8.0     1   2   3
  14    2.241       292.5       1       2.7     1   2   4
  15    3.443       292.0       1       2.7     3   4   5
  16    4.540       299.4       1       2.7     1   3   5
  17    3.054       294.4       2       5.4     2   4   5
  18    2.350       292.0       2       5.4     2   3   4   5

 piecewise cubic fit on 27 basis functions, gcv =   291.3    

 -gcv removing each variable:

        1           2           3           4           5        
    336.6       337.1       349.0       341.4       335.8    

 relative variable importance:

        1           2           3           4           5        
    88.64       89.05       100.0       93.19       87.83    
