0
1.000000000000000000e+00 2.000000000000000000e+00
-2.000000000000000000e+00 -1.199999999999999956e+00
-2.000000000000000000e+00 2.000000000000000000e+00
-2.000000000000000000e+00 2.000000000000000000e+00
-2.000000000000000000e+00 2.000000000000000000e+00
1.430259373118155430e+00 -1.816862804456041758e+00 2.070618484791602043e-01 -5.485274252160929898e-01 -6.647194151503410531e-01
1.973521847223866477e+00 -1.426249211379163828e+00 7.987085571616505675e-01 -2.786069420318386669e-01 -1.935892574766435281e+00
1.132141814604055163e+00 -1.426497516808419963e+00 1.054311364324219902e+00 9.983583882798359177e-01 5.509604608985636531e-01
1.328409653943242841e+00 -1.760830031804124118e+00 -1.052825846422163814e+00 -1.757153824340530246e+00 -9.390638452870696540e-01
1.329143105675267389e+00 -1.582276009875680289e+00 -2.720287678024368994e-01 1.569749005597832259e+00 7.915550999772724694e-02
1.579465010301078998e+00 -1.841693291087604045e+00 1.729076026126963761e+00 1.283386719036050838e+00 1.533480708911969970e+00
