0
-1.000000000000000000e+00 0.000000000000000000e+00
1.200000000000000178e+00 2.000000000000000000e+00
-2.000000000000000000e+00 2.000000000000000000e+00
-2.000000000000000000e+00 2.000000000000000000e+00
-2.000000000000000000e+00 2.000000000000000000e+00
-2.697162532177003191e-01 1.340960453288323473e+00 -8.572185510759688931e-01 -1.003232877101112752e+00 5.209198725739825342e-01
-8.317702587921692592e-01 1.386257633844898418e+00 -9.980111171976906448e-01 -1.813607561957984338e+00 2.121495970921345453e-01
-5.315920389281157954e-01 1.724846877012888413e+00 -1.219314882216088858e+00 -6.928473629519102950e-01 7.762735193874865658e-01
-8.037251623276392420e-01 1.218489367972184656e+00 1.865066668212723933e+00 1.590952268193006169e+00 3.455453389962057642e-01
-7.810321418694571305e-01 1.777908739842815056e+00 1.830230610882363607e+00 -1.526402738938096082e+00 -1.637199696494938461e+00
-9.453956428190957162e-01 1.366510339310719191e+00 -2.780405454400880494e-01 1.035614828306591129e+00 -1.835308826963783613e+00
