0
-1.000000000000000000e+00 0.000000000000000000e+00
-2.000000000000000000e+00 -1.199999999999999956e+00
-2.000000000000000000e+00 2.000000000000000000e+00
-2.000000000000000000e+00 2.000000000000000000e+00
-2.000000000000000000e+00 2.000000000000000000e+00
-3.395854706626676434e-01 -1.452869114893809765e+00 1.312756493013226056e+00 -1.762654478820395276e+00 -1.143807673251520107e-01
-6.806612522079250605e-01 -1.391241836687474143e+00 6.033587309392842712e-01 7.890043027898872019e-01 1.249145353872535225e+00
-2.762006718861642618e-01 -1.733418426359064179e+00 1.257120522782154470e+00 -1.901293896323072108e+00 -2.852500089193581445e-01
-1.339420090100840177e-02 -1.747837099240029168e+00 1.651257501665111871e+00 -9.196988696228602933e-02 1.926443706223385455e+00
-4.206056004127569636e-01 -1.738890209905449069e+00 -2.587920760320012725e-01 1.895194089706242035e+00 1.190090726451543013e+00
-4.277264753041490897e-01 -1.477531161662659409e+00 1.823050058651443095e-02 -1.647231104930646506e+00 -1.735061194878272151e+00
