0
0.000000000000000000e+00 1.000000000000000000e+00
1.200000000000000178e+00 2.000000000000000000e+00
-2.000000000000000000e+00 2.000000000000000000e+00
-2.000000000000000000e+00 2.000000000000000000e+00
-2.000000000000000000e+00 2.000000000000000000e+00
8.314924823069997917e-01 1.274577580600321003e+00 1.227625132276905173e+00 1.939484601056626012e+00 -1.251464869780137601e+00
6.837457542843293767e-01 1.998927811485341932e+00 1.755802445006055645e+00 -2.773330034387000431e-01 -1.932666785728591297e+00
7.567698805176533705e-01 1.246581703787535744e+00 1.029380210775902693e+00 -2.651238685535672879e-01 -1.188878888296387437e-01
8.045391318271217784e-01 1.334561342940242090e+00 -5.443290528681927753e-01 8.207764806129822510e-01 1.221180570464314830e+00
8.685930715212430986e-01 1.784224579634871688e+00 9.001216246740781912e-01 -1.627930647326536473e+00 1.470214791349240269e+00
9.879392409826560639e-01 1.390801696278327171e+00 1.861151012168769547e+00 7.147586892737622932e-02 -1.210700733282476182e+00
