1
1.959999999999999964e+00 2.000000000000000000e+00
1.959999999999999964e+00 2.000000000000000000e+00
-2.000000000000000000e+00 2.000000000000000000e+00
-2.000000000000000000e+00 2.000000000000000000e+00
-2.000000000000000000e+00 2.000000000000000000e+00
1.992977040315061732e+00 1.972822292702818059e+00 -3.103240574867585089e-01 -5.196922655463054319e-01 7.751697602726421721e-01
1.972988461230115176e+00 1.996453961078753947e+00 6.526314304555751455e-01 6.173950488191426444e-02 5.786635190237134907e-01
1.960966198252897863e+00 1.964582363179709246e+00 -1.087152465537026824e+00 -6.151926602216253315e-01 -1.972477944323568710e+00
1.996555259241298730e+00 1.990693529665415795e+00 1.890970153108417762e-02 1.544413854229358396e+00 1.718567926785749655e+00
1.964524299008219232e+00 1.985298732546238121e+00 7.867052165836234678e-01 1.835639817437179744e+00 1.459050220373521611e+00
1.984969790901803588e+00 1.975990475342193964e+00 -7.943150201970605728e-01 1.031554756567751419e+00 -8.473295742165842803e-01
