0
-1.000000000000000000e+00 0.000000000000000000e+00
-1.199999999999999956e+00 -3.999999999999999112e-01
-2.000000000000000000e+00 2.000000000000000000e+00
-2.000000000000000000e+00 2.000000000000000000e+00
-2.000000000000000000e+00 2.000000000000000000e+00
-4.230035757231495053e-01 -9.690609246033753399e-01 -7.754517898659289976e-01 1.004019468441659235e+00 1.206529808431962003e-01
-1.607184285150935477e-01 -1.089241442005701499e+00 4.289763280801666134e-01 -7.141329765504953464e-01 -8.698014616258094023e-01
-5.737448834890912508e-03 -7.026436611013704425e-01 -5.157491932525513079e-01 1.065272707922501727e+00 4.599118770354619912e-01
-1.889805203799095334e-01 -8.068096197187788476e-01 -9.959442203575692432e-01 -1.954715513211254585e+00 -1.476292254225219480e+00
-4.129436704488415044e-01 -5.601934675676583097e-01 3.090246467836355038e-02 1.223779723960264576e+00 -1.248320407105859786e+00
-6.103039760103318168e-01 -1.146338723768635326e+00 -1.790138571096885123e+00 2.811359061485432242e-01 9.925540082152859434e-01
