0
0.000000000000000000e+00 1.000000000000000000e+00
-2.000000000000000000e+00 -1.199999999999999956e+00
-2.000000000000000000e+00 2.000000000000000000e+00
-2.000000000000000000e+00 2.000000000000000000e+00
-2.000000000000000000e+00 2.000000000000000000e+00
3.998646249379407269e-01 -1.614991122407094082e+00 -1.258495205686777751e+00 3.607314901419687025e-01 3.701227178494814751e-02
2.114274006305487674e-01 -1.706204769278713451e+00 1.498050439502903508e+00 -9.619927157321779276e-01 -1.288861814696255159e+00
2.265344110879181638e-01 -1.962294796201767388e+00 1.238233308854216563e+00 -1.036137166382687269e+00 3.317890059008865578e-02
1.364713925041682874e-01 -1.275064944839830794e+00 1.923107728414121365e+00 -7.314605271145544485e-01 -1.126330399316077813e+00
2.811067238882278829e-01 -1.903969143816098608e+00 9.733978946824435319e-01 1.875942263948416233e+00 -1.942712748300094550e+00
2.605766250210139745e-02 -1.445222807362653406e+00 5.232319064167008094e-01 -1.907799412526950178e+00 1.712076789279632916e+00
