0
-2.000000000000000000e+00 -1.000000000000000000e+00
4.000000000000003553e-01 1.200000000000000400e+00
-2.000000000000000000e+00 2.000000000000000000e+00
-2.000000000000000000e+00 2.000000000000000000e+00
-2.000000000000000000e+00 2.000000000000000000e+00
-1.367674540833494046e+00 7.204035736860545658e-01 1.633635343033622345e+00 -1.332617958845575323e+00 -1.876094956754004173e-02
-1.150948926988460297e+00 6.297803330155962165e-01 -3.113621847206506921e-01 -1.375722362137175026e+00 5.243631517919578044e-01
-1.071963429434961368e+00 1.061204626876451229e+00 -1.499682234666089631e+00 -2.348872370177730318e-01 6.551789053840297861e-01
-1.206317260522191681e+00 6.633580349897738593e-01 5.004748526942859321e-01 -1.696765764126484832e+00 6.253501877929363850e-01
-1.294266006681524139e+00 5.060723501350259390e-01 -2.112203860731223237e-01 -1.460804060245259883e-01 -8.794121319616197141e-01
-1.643354068017022218e+00 1.093975931258167833e+00 8.706575902267501554e-01 -1.243195984994406089e+00 3.701121407937182362e-01
