0
-2.000000000000000000e+00 -1.000000000000000000e+00
-3.999999999999999112e-01 4.000000000000001332e-01
-2.000000000000000000e+00 2.000000000000000000e+00
-2.000000000000000000e+00 2.000000000000000000e+00
-2.000000000000000000e+00 2.000000000000000000e+00
-1.350431503505116648e+00 2.754575595546926436e-02 2.989421327372321358e-01 -8.375684932023661489e-01 -6.371672024124115374e-01
-1.816882238263078708e+00 -1.801091687656799500e-01 2.732734568719688006e-01 -1.306151514258480084e-01 1.913738762259455939e-01
-1.951718924355136497e+00 1.698573567486917346e-01 -1.248140456560605571e+00 -2.692738073154794520e-01 -1.170280816496745757e+00
-1.652213196414703988e+00 1.915088447158652674e-02 -1.420662387221292455e+00 7.763227776241072853e-01 -1.749994159129734328e+00
-1.425337422044454350e+00 3.512907925338195625e-01 -1.133171389284788333e+00 -1.733068524209551597e+00 -5.510727424299353139e-01
-1.542883300736539898e+00 3.406679849991454123e-01 -1.499482011032085005e-01 -1.417813522668579740e+00 -6.943807989227845923e-02
