0
1.000000000000000000e+00 2.000000000000000000e+00
-3.999999999999999112e-01 4.000000000000001332e-01
-2.000000000000000000e+00 2.000000000000000000e+00
-2.000000000000000000e+00 2.000000000000000000e+00
-2.000000000000000000e+00 2.000000000000000000e+00
1.773275546988230200e+00 1.928983164164415065e-01 1.976838704916372702e+00 -1.754356672152582508e+00 -1.324225597538002397e+00
1.791201987427673448e+00 3.478314562975626245e-01 -9.486120421359580668e-01 6.745527046598831511e-01 8.011522567724762567e-01
1.229032221135435421e+00 -2.061826277470117930e-01 7.266274300843691414e-01 -1.378873108499187872e+00 7.601737776055697005e-01
1.360668207995176404e+00 -2.117166245121105683e-01 -1.098709659733939414e+00 -2.006991283525181302e-01 3.713330389486508842e-01
1.101591045161362636e+00 -1.383653661352708397e-01 6.937823921840631236e-01 -6.273592895015172033e-01 4.387072994867167175e-01
1.055875851545517108e+00 -1.341745179416163891e-01 -5.116126806172656138e-01 4.813760814269585353e-02 1.319734873543854103e+00
