0
1.000000000000000000e+00 2.000000000000000000e+00
1.200000000000000178e+00 2.000000000000000000e+00
-2.000000000000000000e+00 2.000000000000000000e+00
-2.000000000000000000e+00 2.000000000000000000e+00
-2.000000000000000000e+00 2.000000000000000000e+00
1.391337952811229517e+00 1.845234802973999777e+00 7.330077307015954169e-01 1.806966178773047549e+00 -1.421986255273996136e+00
1.599349932865621993e+00 1.265393419460785651e+00 4.795742593118372810e-01 -2.940840371139281650e-01 -7.105158281782850693e-01
1.241177085347338505e+00 1.265742478305411645e+00 -1.689802703925688210e+00 -7.222736196206760440e-01 6.353055467525021704e-01
1.569276284223014351e+00 1.540132295182883304e+00 1.603959331865389970e-02 -7.174022864128914989e-01 1.650565685544825190e+00
1.735589633872500981e+00 1.205292930980281119e+00 1.658398354215191439e+00 -5.221492390253139604e-01 -1.755393994274644154e+00
1.906330458354058344e+00 1.440673549899115446e+00 1.638070555698121655e+00 1.065559520915333902e+00 1.568257704843879274e+00
