0
0.000000000000000000e+00 1.000000000000000000e+00
4.000000000000003553e-01 1.200000000000000400e+00
-2.000000000000000000e+00 2.000000000000000000e+00
-2.000000000000000000e+00 2.000000000000000000e+00
-2.000000000000000000e+00 2.000000000000000000e+00
2.844465509685494276e-01 7.509844076983700489e-01 6.596611308482516201e-01 1.311459019498695255e-01 1.007101390926979256e+00
4.634277299508468007e-01 7.526415634900123219e-01 -1.007959770610235672e+00 1.471971695625752918e+00 1.976069010626599898e+00
2.466907182783059094e-01 9.960930150244521331e-01 -1.480411034247102187e-01 4.936556394568785144e-01 -1.529001329656498598e+00
4.293597888419660169e-01 6.816160389951715359e-01 -4.934748936207267178e-01 1.383906306538223774e+00 -2.935873657076948362e-02
5.966734738206065369e-01 9.235955883504252117e-01 -1.705949862750749890e+00 -1.759369444300567853e+00 -4.045084241605518827e-01
3.635474457680656357e-01 6.153224981527968263e-01 7.080059641833171824e-01 9.624323789960973485e-01 -1.981285363988077641e+00
