0
1.000000000000000000e+00 2.000000000000000000e+00
-1.199999999999999956e+00 -3.999999999999999112e-01
-2.000000000000000000e+00 2.000000000000000000e+00
-2.000000000000000000e+00 2.000000000000000000e+00
-2.000000000000000000e+00 2.000000000000000000e+00
1.096344998206483234e+00 -5.793425819662341159e-01 -8.196637841546952075e-01 -1.374715677442936101e+00 -9.758502262827732920e-01
1.007445926867270636e+00 -4.444071187692717473e-01 -1.729174431338567963e+00 1.045522429304810430e-01 2.817201705569769565e-01
1.930607260498945932e+00 -6.856040144452106855e-01 1.273833386607548857e+00 -1.093594274143648182e+00 -1.233444716401751684e+00
1.655149943630420006e+00 -6.873369398696801413e-01 1.989132506478431317e+00 -6.017427975875579982e-01 -1.011499007277225637e+00
1.741213682054661316e+00 -1.084815837883176703e+00 -2.131123057504860085e-01 3.721401913451249932e-01 -6.402980507592617165e-01
1.008576468642264690e+00 -4.821157087156636711e-01 -3.834809091046391671e-01 -1.355412886228297253e+00 -3.515830558979873288e-01
