1
-2.0 2.0
-2.0 2.0
-2.0 2.0
-2.0 2.0
-2.0 2.0
4.231490e-01 8.709760e-01 6.065960e-01 6.577720e-01 -1.492340e-01 76.187172
5.129610e-01 2.232420e-01 4.299180e-01 9.380520e-01 1.034480e-01 106.159126
3.423320e-01 3.174870e-01 3.064850e-01 4.606140e-01 -3.819300e-02 86.516437
6.164550e-01 8.136200e-02 9.209590e-01 2.821400e-01 2.666020e-01 107.281333
6.890120e-01 5.805310e-01 1.225276e+00 3.972760e-01 -8.536600e-02 74.749684
5.028606e-01 6.618292e-01 5.562139e-01 7.031226e-01 6.907011e-02 40.1177792605
