iterator+action+parameters+metrics
1 	 keep
1.989321e+00 1.974095e+00 -1.430632e-01 1.338917e+00 -3.372168e-01 : 8.950103e+01 
1.960482e+00 1.966884e+00 -5.956710e-01 -1.705408e+00 -1.807928e+00 : 1.184448e+02 
1.977960e+00 1.962489e+00 -3.758130e-01 1.097556e+00 8.710661e-01 : 8.882784e+01 
1.983022e+00 1.980882e+00 -1.395871e+00 1.537822e-01 6.214918e-01 : 1.314259e+02 
1.968914e+00 1.967249e+00 1.149512e-01 -1.447671e-01 -5.648063e-01 : 1.079902e+02 
1.988494e+00 1.960000e+00 1.318231e-01 1.214789e+00 9.274620e-01 : 1.122528e+02 
3 	 expand
1.989321e+00 1.974095e+00 -1.430632e-01 1.338917e+00 -3.372168e-01 : 8.950103e+01 
1.960482e+00 1.966884e+00 -5.956710e-01 -1.705408e+00 -1.807928e+00 : 1.184448e+02 
1.977960e+00 1.962489e+00 -3.758130e-01 1.097556e+00 8.710661e-01 : 8.882784e+01 
1.971047e+00 1.960000e+00 1.048762e+00 5.666522e-01 9.860611e-01 : 7.593528e+01 
1.968914e+00 1.967249e+00 1.149512e-01 -1.447671e-01 -5.648063e-01 : 1.079902e+02 
1.988494e+00 1.960000e+00 1.318231e-01 1.214789e+00 9.274620e-01 : 1.122528e+02 
4 	 keep
1.989321e+00 1.974095e+00 -1.430632e-01 1.338917e+00 -3.372168e-01 : 8.950103e+01 
1.997813e+00 1.962649e+00 9.063350e-01 2.000000e+00 2.000000e+00 : 1.067881e+02 
1.977960e+00 1.962489e+00 -3.758130e-01 1.097556e+00 8.710661e-01 : 8.882784e+01 
1.971047e+00 1.960000e+00 1.048762e+00 5.666522e-01 9.860611e-01 : 7.593528e+01 
1.968914e+00 1.967249e+00 1.149512e-01 -1.447671e-01 -5.648063e-01 : 1.079902e+02 
1.988494e+00 1.960000e+00 1.318231e-01 1.214789e+00 9.274620e-01 : 1.122528e+02 
6 	 expand
1.989321e+00 1.974095e+00 -1.430632e-01 1.338917e+00 -3.372168e-01 : 8.950103e+01 
1.997813e+00 1.962649e+00 9.063350e-01 2.000000e+00 2.000000e+00 : 1.067881e+02 
1.977960e+00 1.962489e+00 -3.758130e-01 1.097556e+00 8.710661e-01 : 8.882784e+01 
1.971047e+00 1.960000e+00 1.048762e+00 5.666522e-01 9.860611e-01 : 7.593528e+01 
1.968914e+00 1.967249e+00 1.149512e-01 -1.447671e-01 -5.648063e-01 : 1.079902e+02 
1.966045e+00 1.975890e+00 6.670570e-01 4.854376e-01 8.186147e-02 : 6.082743e+01 
7 	 keep
1.989321e+00 1.974095e+00 -1.430632e-01 1.338917e+00 -3.372168e-01 : 8.950103e+01 
1.997813e+00 1.962649e+00 9.063350e-01 2.000000e+00 2.000000e+00 : 1.067881e+02 
1.977960e+00 1.962489e+00 -3.758130e-01 1.097556e+00 8.710661e-01 : 8.882784e+01 
1.971047e+00 1.960000e+00 1.048762e+00 5.666522e-01 9.860611e-01 : 7.593528e+01 
1.991960e+00 1.966800e+00 7.263599e-01 2.000000e+00 2.000000e+00 : 8.055234e+01 
1.966045e+00 1.975890e+00 6.670570e-01 4.854376e-01 8.186147e-02 : 6.082743e+01 
9 	 shrink
1.989321e+00 1.974095e+00 -1.430632e-01 1.338917e+00 -3.372168e-01 : 8.950103e+01 
1.960720e+00 1.973061e+00 1.370139e-01 1.954251e-01 5.592913e-01 : 1.017568e+02 
1.977960e+00 1.962489e+00 -3.758130e-01 1.097556e+00 8.710661e-01 : 8.882784e+01 
1.971047e+00 1.960000e+00 1.048762e+00 5.666522e-01 9.860611e-01 : 7.593528e+01 
1.991960e+00 1.966800e+00 7.263599e-01 2.000000e+00 2.000000e+00 : 8.055234e+01 
1.966045e+00 1.975890e+00 6.670570e-01 4.854376e-01 8.186147e-02 : 6.082743e+01 
10 	 all_shrink
1.977683e+00 1.974993e+00 2.619969e-01 9.121770e-01 -1.276777e-01 : 1.000140e+02 
1.960720e+00 1.973061e+00 1.370139e-01 1.954251e-01 5.592913e-01 : 1.017568e+02 
1.977960e+00 1.962489e+00 -3.758130e-01 1.097556e+00 8.710661e-01 : 8.882784e+01 
1.971047e+00 1.960000e+00 1.048762e+00 5.666522e-01 9.860611e-01 : 7.593528e+01 
1.991960e+00 1.966800e+00 7.263599e-01 2.000000e+00 2.000000e+00 : 8.055234e+01 
1.966045e+00 1.975890e+00 6.670570e-01 4.854376e-01 8.186147e-02 : 6.082743e+01 
11 	 all_shrink
1.977683e+00 1.974993e+00 2.619969e-01 9.121770e-01 -1.276777e-01 : 1.000140e+02 
1.963383e+00 1.974475e+00 4.020355e-01 3.404313e-01 3.205764e-01 : 7.761633e+01 
1.977960e+00 1.962489e+00 -3.758130e-01 1.097556e+00 8.710661e-01 : 8.882784e+01 
1.971047e+00 1.960000e+00 1.048762e+00 5.666522e-01 9.860611e-01 : 7.593528e+01 
1.991960e+00 1.966800e+00 7.263599e-01 2.000000e+00 2.000000e+00 : 8.055234e+01 
1.966045e+00 1.975890e+00 6.670570e-01 4.854376e-01 8.186147e-02 : 6.082743e+01 
12 	 all_shrink
1.977683e+00 1.974993e+00 2.619969e-01 9.121770e-01 -1.276777e-01 : 1.000140e+02 
1.963383e+00 1.974475e+00 4.020355e-01 3.404313e-01 3.205764e-01 : 7.761633e+01 
1.972003e+00 1.969190e+00 1.456220e-01 7.914970e-01 4.764638e-01 : 1.065950e+02 
1.971047e+00 1.960000e+00 1.048762e+00 5.666522e-01 9.860611e-01 : 7.593528e+01 
1.991960e+00 1.966800e+00 7.263599e-01 2.000000e+00 2.000000e+00 : 8.055234e+01 
1.966045e+00 1.975890e+00 6.670570e-01 4.854376e-01 8.186147e-02 : 6.082743e+01 
13 	 all_shrink
1.977683e+00 1.974993e+00 2.619969e-01 9.121770e-01 -1.276777e-01 : 1.000140e+02 
1.963383e+00 1.974475e+00 4.020355e-01 3.404313e-01 3.205764e-01 : 7.761633e+01 
1.972003e+00 1.969190e+00 1.456220e-01 7.914970e-01 4.764638e-01 : 1.065950e+02 
1.968546e+00 1.967945e+00 8.579095e-01 5.260449e-01 5.339613e-01 : 9.583567e+01 
1.991960e+00 1.966800e+00 7.263599e-01 2.000000e+00 2.000000e+00 : 8.055234e+01 
1.966045e+00 1.975890e+00 6.670570e-01 4.854376e-01 8.186147e-02 : 6.082743e+01 
14 	 all_shrink
1.977683e+00 1.974993e+00 2.619969e-01 9.121770e-01 -1.276777e-01 : 1.000140e+02 
1.963383e+00 1.974475e+00 4.020355e-01 3.404313e-01 3.205764e-01 : 7.761633e+01 
1.972003e+00 1.969190e+00 1.456220e-01 7.914970e-01 4.764638e-01 : 1.065950e+02 
1.968546e+00 1.967945e+00 8.579095e-01 5.260449e-01 5.339613e-01 : 9.583567e+01 
1.979003e+00 1.971345e+00 6.967085e-01 1.242719e+00 1.040931e+00 : 1.222546e+02 
1.966045e+00 1.975890e+00 6.670570e-01 4.854376e-01 8.186147e-02 : 6.082743e+01 
16 	 shrink
1.977683e+00 1.974993e+00 2.619969e-01 9.121770e-01 -1.276777e-01 : 1.000140e+02 
1.963383e+00 1.974475e+00 4.020355e-01 3.404313e-01 3.205764e-01 : 7.761633e+01 
1.972003e+00 1.969190e+00 1.456220e-01 7.914970e-01 4.764638e-01 : 1.065950e+02 
1.968546e+00 1.967945e+00 8.579095e-01 5.260449e-01 5.339613e-01 : 9.583567e+01 
1.964797e+00 1.973075e+00 3.520320e-01 3.158006e-01 3.919468e-01 : 6.578225e+01 
1.966045e+00 1.975890e+00 6.670570e-01 4.854376e-01 8.186147e-02 : 6.082743e+01 
17 	 keep
1.977683e+00 1.974993e+00 2.619969e-01 9.121770e-01 -1.276777e-01 : 1.000140e+02 
1.963383e+00 1.974475e+00 4.020355e-01 3.404313e-01 3.205764e-01 : 7.761633e+01 
1.964179e+00 1.977362e+00 8.707904e-01 2.404596e-01 3.803502e-03 : 7.191600e+01 
1.968546e+00 1.967945e+00 8.579095e-01 5.260449e-01 5.339613e-01 : 9.583567e+01 
1.964797e+00 1.973075e+00 3.520320e-01 3.158006e-01 3.919468e-01 : 6.578225e+01 
1.966045e+00 1.975890e+00 6.670570e-01 4.854376e-01 8.186147e-02 : 6.082743e+01 
19 	 shrink
1.962695e+00 1.973128e+00 8.139488e-01 2.652711e-01 4.634837e-01 : 5.990853e+01 
1.963383e+00 1.974475e+00 4.020355e-01 3.404313e-01 3.205764e-01 : 7.761633e+01 
1.964179e+00 1.977362e+00 8.707904e-01 2.404596e-01 3.803502e-03 : 7.191600e+01 
1.968546e+00 1.967945e+00 8.579095e-01 5.260449e-01 5.339613e-01 : 9.583567e+01 
1.964797e+00 1.973075e+00 3.520320e-01 3.158006e-01 3.919468e-01 : 6.578225e+01 
1.966045e+00 1.975890e+00 6.670570e-01 4.854376e-01 8.186147e-02 : 6.082743e+01 
21 	 shrink
1.962695e+00 1.973128e+00 8.139488e-01 2.652711e-01 4.634837e-01 : 5.990853e+01 
1.963383e+00 1.974475e+00 4.020355e-01 3.404313e-01 3.205764e-01 : 7.761633e+01 
1.964179e+00 1.977362e+00 8.707904e-01 2.404596e-01 3.803502e-03 : 7.191600e+01 
1.962110e+00 1.978207e+00 5.028044e-01 2.311976e-01 1.408135e-01 : 7.518104e+01 
1.964797e+00 1.973075e+00 3.520320e-01 3.158006e-01 3.919468e-01 : 6.578225e+01 
1.966045e+00 1.975890e+00 6.670570e-01 4.854376e-01 8.186147e-02 : 6.082743e+01 
23 	 shrink
1.962695e+00 1.973128e+00 8.139488e-01 2.652711e-01 4.634837e-01 : 5.990853e+01 
1.963383e+00 1.974475e+00 4.020355e-01 3.404313e-01 3.205764e-01 : 7.761633e+01 
1.964179e+00 1.977362e+00 8.707904e-01 2.404596e-01 3.803502e-03 : 7.191600e+01 
1.962110e+00 1.978207e+00 5.028044e-01 2.311976e-01 1.408135e-01 : 7.518104e+01 
1.964797e+00 1.973075e+00 3.520320e-01 3.158006e-01 3.919468e-01 : 6.578225e+01 
1.966045e+00 1.975890e+00 6.670570e-01 4.854376e-01 8.186147e-02 : 6.082743e+01 
24 	 all_shrink
1.962695e+00 1.973128e+00 8.139488e-01 2.652711e-01 4.634837e-01 : 5.990853e+01 
1.963039e+00 1.973802e+00 6.079922e-01 3.028512e-01 3.920300e-01 : 1.015262e+02 
1.964179e+00 1.977362e+00 8.707904e-01 2.404596e-01 3.803502e-03 : 7.191600e+01 
1.962110e+00 1.978207e+00 5.028044e-01 2.311976e-01 1.408135e-01 : 7.518104e+01 
1.964797e+00 1.973075e+00 3.520320e-01 3.158006e-01 3.919468e-01 : 6.578225e+01 
1.966045e+00 1.975890e+00 6.670570e-01 4.854376e-01 8.186147e-02 : 6.082743e+01 
25 	 all_shrink
1.962695e+00 1.973128e+00 8.139488e-01 2.652711e-01 4.634837e-01 : 5.990853e+01 
1.963039e+00 1.973802e+00 6.079922e-01 3.028512e-01 3.920300e-01 : 1.015262e+02 
1.963437e+00 1.975245e+00 8.423696e-01 2.528654e-01 2.336436e-01 : 7.688771e+01 
1.962110e+00 1.978207e+00 5.028044e-01 2.311976e-01 1.408135e-01 : 7.518104e+01 
1.964797e+00 1.973075e+00 3.520320e-01 3.158006e-01 3.919468e-01 : 6.578225e+01 
1.966045e+00 1.975890e+00 6.670570e-01 4.854376e-01 8.186147e-02 : 6.082743e+01 
26 	 all_shrink
1.962695e+00 1.973128e+00 8.139488e-01 2.652711e-01 4.634837e-01 : 5.990853e+01 
1.963039e+00 1.973802e+00 6.079922e-01 3.028512e-01 3.920300e-01 : 1.015262e+02 
1.963437e+00 1.975245e+00 8.423696e-01 2.528654e-01 2.336436e-01 : 7.688771e+01 
1.962402e+00 1.975667e+00 6.583766e-01 2.482344e-01 3.021486e-01 : 9.442214e+01 
1.964797e+00 1.973075e+00 3.520320e-01 3.158006e-01 3.919468e-01 : 6.578225e+01 
1.966045e+00 1.975890e+00 6.670570e-01 4.854376e-01 8.186147e-02 : 6.082743e+01 
27 	 all_shrink
1.962695e+00 1.973128e+00 8.139488e-01 2.652711e-01 4.634837e-01 : 5.990853e+01 
1.963039e+00 1.973802e+00 6.079922e-01 3.028512e-01 3.920300e-01 : 1.015262e+02 
1.963437e+00 1.975245e+00 8.423696e-01 2.528654e-01 2.336436e-01 : 7.688771e+01 
1.962402e+00 1.975667e+00 6.583766e-01 2.482344e-01 3.021486e-01 : 9.442214e+01 
1.963746e+00 1.973102e+00 5.829904e-01 2.905359e-01 4.277153e-01 : 7.781714e+01 
1.966045e+00 1.975890e+00 6.670570e-01 4.854376e-01 8.186147e-02 : 6.082743e+01 
28 	 all_shrink
1.962695e+00 1.973128e+00 8.139488e-01 2.652711e-01 4.634837e-01 : 5.990853e+01 
1.963039e+00 1.973802e+00 6.079922e-01 3.028512e-01 3.920300e-01 : 1.015262e+02 
1.963437e+00 1.975245e+00 8.423696e-01 2.528654e-01 2.336436e-01 : 7.688771e+01 
1.962402e+00 1.975667e+00 6.583766e-01 2.482344e-01 3.021486e-01 : 9.442214e+01 
1.963746e+00 1.973102e+00 5.829904e-01 2.905359e-01 4.277153e-01 : 7.781714e+01 
1.964370e+00 1.974509e+00 7.405029e-01 3.753543e-01 2.726726e-01 : 7.653689e+01 
29 	 keep
1.962695e+00 1.973128e+00 8.139488e-01 2.652711e-01 4.634837e-01 : 5.990853e+01 
1.963621e+00 1.974859e+00 8.472832e-01 2.700532e-01 2.878354e-01 : 6.045302e+01 
1.963437e+00 1.975245e+00 8.423696e-01 2.528654e-01 2.336436e-01 : 7.688771e+01 
1.962402e+00 1.975667e+00 6.583766e-01 2.482344e-01 3.021486e-01 : 9.442214e+01 
1.963746e+00 1.973102e+00 5.829904e-01 2.905359e-01 4.277153e-01 : 7.781714e+01 
1.964370e+00 1.974509e+00 7.405029e-01 3.753543e-01 2.726726e-01 : 7.653689e+01 
30 	 keep
1.962695e+00 1.973128e+00 8.139488e-01 2.652711e-01 4.634837e-01 : 5.990853e+01 
1.963621e+00 1.974859e+00 8.472832e-01 2.700532e-01 2.878354e-01 : 6.045302e+01 
1.963437e+00 1.975245e+00 8.423696e-01 2.528654e-01 2.336436e-01 : 7.688771e+01 
1.964745e+00 1.972669e+00 8.724614e-01 3.333976e-01 3.719917e-01 : 6.462659e+01 
1.963746e+00 1.973102e+00 5.829904e-01 2.905359e-01 4.277153e-01 : 7.781714e+01 
1.964370e+00 1.974509e+00 7.405029e-01 3.753543e-01 2.726726e-01 : 7.653689e+01 
31 	 keep
1.962695e+00 1.973128e+00 8.139488e-01 2.652711e-01 4.634837e-01 : 5.990853e+01 
1.963621e+00 1.974859e+00 8.472832e-01 2.700532e-01 2.878354e-01 : 6.045302e+01 
1.963437e+00 1.975245e+00 8.423696e-01 2.528654e-01 2.336436e-01 : 7.688771e+01 
1.964745e+00 1.972669e+00 8.724614e-01 3.333976e-01 3.719917e-01 : 6.462659e+01 
1.963801e+00 1.975062e+00 1.063636e+00 3.082408e-01 2.241355e-01 : 6.060588e+01 
1.964370e+00 1.974509e+00 7.405029e-01 3.753543e-01 2.726726e-01 : 7.653689e+01 
33 	 shrink
1.962695e+00 1.973128e+00 8.139488e-01 2.652711e-01 4.634837e-01 : 5.990853e+01 
1.963621e+00 1.974859e+00 8.472832e-01 2.700532e-01 2.878354e-01 : 6.045302e+01 
1.963437e+00 1.975245e+00 8.423696e-01 2.528654e-01 2.336436e-01 : 7.688771e+01 
1.964745e+00 1.972669e+00 8.724614e-01 3.333976e-01 3.719917e-01 : 6.462659e+01 
1.963801e+00 1.975062e+00 1.063636e+00 3.082408e-01 2.241355e-01 : 6.060588e+01 
1.964370e+00 1.974509e+00 7.405029e-01 3.753543e-01 2.726726e-01 : 7.653689e+01 
34 	 all_shrink
1.962695e+00 1.973128e+00 8.139488e-01 2.652711e-01 4.634837e-01 : 5.990853e+01 
1.963158e+00 1.973993e+00 8.306160e-01 2.676622e-01 3.756596e-01 : 6.987093e+01 
1.963437e+00 1.975245e+00 8.423696e-01 2.528654e-01 2.336436e-01 : 7.688771e+01 
1.964745e+00 1.972669e+00 8.724614e-01 3.333976e-01 3.719917e-01 : 6.462659e+01 
1.963801e+00 1.975062e+00 1.063636e+00 3.082408e-01 2.241355e-01 : 6.060588e+01 
1.964370e+00 1.974509e+00 7.405029e-01 3.753543e-01 2.726726e-01 : 7.653689e+01 
35 	 all_shrink
1.962695e+00 1.973128e+00 8.139488e-01 2.652711e-01 4.634837e-01 : 5.990853e+01 
1.963158e+00 1.973993e+00 8.306160e-01 2.676622e-01 3.756596e-01 : 6.987093e+01 
1.963066e+00 1.974186e+00 8.281592e-01 2.590682e-01 3.485636e-01 : 6.203695e+01 
1.964745e+00 1.972669e+00 8.724614e-01 3.333976e-01 3.719917e-01 : 6.462659e+01 
1.963801e+00 1.975062e+00 1.063636e+00 3.082408e-01 2.241355e-01 : 6.060588e+01 
1.964370e+00 1.974509e+00 7.405029e-01 3.753543e-01 2.726726e-01 : 7.653689e+01 
36 	 all_shrink
1.962695e+00 1.973128e+00 8.139488e-01 2.652711e-01 4.634837e-01 : 5.990853e+01 
1.963158e+00 1.973993e+00 8.306160e-01 2.676622e-01 3.756596e-01 : 6.987093e+01 
1.963066e+00 1.974186e+00 8.281592e-01 2.590682e-01 3.485636e-01 : 6.203695e+01 
1.963720e+00 1.972899e+00 8.432051e-01 2.993344e-01 4.177377e-01 : 6.484494e+01 
1.963801e+00 1.975062e+00 1.063636e+00 3.082408e-01 2.241355e-01 : 6.060588e+01 
1.964370e+00 1.974509e+00 7.405029e-01 3.753543e-01 2.726726e-01 : 7.653689e+01 
37 	 all_shrink
1.962695e+00 1.973128e+00 8.139488e-01 2.652711e-01 4.634837e-01 : 5.990853e+01 
1.963158e+00 1.973993e+00 8.306160e-01 2.676622e-01 3.756596e-01 : 6.987093e+01 
1.963066e+00 1.974186e+00 8.281592e-01 2.590682e-01 3.485636e-01 : 6.203695e+01 
1.963720e+00 1.972899e+00 8.432051e-01 2.993344e-01 4.177377e-01 : 6.484494e+01 
1.963248e+00 1.974095e+00 9.387924e-01 2.867560e-01 3.438096e-01 : 8.762232e+01 
1.964370e+00 1.974509e+00 7.405029e-01 3.753543e-01 2.726726e-01 : 7.653689e+01 
38 	 all_shrink
1.962695e+00 1.973128e+00 8.139488e-01 2.652711e-01 4.634837e-01 : 5.990853e+01 
1.963158e+00 1.973993e+00 8.306160e-01 2.676622e-01 3.756596e-01 : 6.987093e+01 
1.963066e+00 1.974186e+00 8.281592e-01 2.590682e-01 3.485636e-01 : 6.203695e+01 
1.963720e+00 1.972899e+00 8.432051e-01 2.993344e-01 4.177377e-01 : 6.484494e+01 
1.963248e+00 1.974095e+00 9.387924e-01 2.867560e-01 3.438096e-01 : 8.762232e+01 
1.963532e+00 1.973818e+00 7.772259e-01 3.203127e-01 3.680781e-01 : 1.024480e+02 
39 	 keep
1.962695e+00 1.973128e+00 8.139488e-01 2.652711e-01 4.634837e-01 : 5.990853e+01 
1.963158e+00 1.973993e+00 8.306160e-01 2.676622e-01 3.756596e-01 : 6.987093e+01 
1.963066e+00 1.974186e+00 8.281592e-01 2.590682e-01 3.485636e-01 : 6.203695e+01 
1.963720e+00 1.972899e+00 8.432051e-01 2.993344e-01 4.177377e-01 : 6.484494e+01 
1.963248e+00 1.974095e+00 9.387924e-01 2.867560e-01 3.438096e-01 : 8.762232e+01 
1.962822e+00 1.973502e+00 9.246628e-01 2.309240e-01 4.116235e-01 : 6.885687e+01 
41 	 shrink
1.962695e+00 1.973128e+00 8.139488e-01 2.652711e-01 4.634837e-01 : 5.990853e+01 
1.963158e+00 1.973993e+00 8.306160e-01 2.676622e-01 3.756596e-01 : 6.987093e+01 
1.963066e+00 1.974186e+00 8.281592e-01 2.590682e-01 3.485636e-01 : 6.203695e+01 
1.963720e+00 1.972899e+00 8.432051e-01 2.993344e-01 4.177377e-01 : 6.484494e+01 
1.963170e+00 1.973818e+00 8.934554e-01 2.756040e-01 3.736116e-01 : 8.142508e+01 
1.962822e+00 1.973502e+00 9.246628e-01 2.309240e-01 4.116235e-01 : 6.885687e+01 
43 	 shrink
1.962695e+00 1.973128e+00 8.139488e-01 2.652711e-01 4.634837e-01 : 5.990853e+01 
1.963158e+00 1.973993e+00 8.306160e-01 2.676622e-01 3.756596e-01 : 6.987093e+01 
1.963066e+00 1.974186e+00 8.281592e-01 2.590682e-01 3.485636e-01 : 6.203695e+01 
1.963720e+00 1.972899e+00 8.432051e-01 2.993344e-01 4.177377e-01 : 6.484494e+01 
1.963053e+00 1.973403e+00 8.254499e-01 2.588760e-01 4.183146e-01 : 7.248347e+01 
1.962822e+00 1.973502e+00 9.246628e-01 2.309240e-01 4.116235e-01 : 6.885687e+01 
45 	 shrink
1.962695e+00 1.973128e+00 8.139488e-01 2.652711e-01 4.634837e-01 : 5.990853e+01 
1.963158e+00 1.973993e+00 8.306160e-01 2.676622e-01 3.756596e-01 : 6.987093e+01 
1.963066e+00 1.974186e+00 8.281592e-01 2.590682e-01 3.485636e-01 : 6.203695e+01 
1.963720e+00 1.972899e+00 8.432051e-01 2.993344e-01 4.177377e-01 : 6.484494e+01 
1.963053e+00 1.973403e+00 8.254499e-01 2.588760e-01 4.183146e-01 : 7.248347e+01 
1.962822e+00 1.973502e+00 9.246628e-01 2.309240e-01 4.116235e-01 : 6.885687e+01 
46 	 all_shrink
1.962695e+00 1.973128e+00 8.139488e-01 2.652711e-01 4.634837e-01 : 5.990853e+01 
1.962926e+00 1.973561e+00 8.222824e-01 2.664666e-01 4.195716e-01 : 6.937117e+01 
1.963066e+00 1.974186e+00 8.281592e-01 2.590682e-01 3.485636e-01 : 6.203695e+01 
1.963720e+00 1.972899e+00 8.432051e-01 2.993344e-01 4.177377e-01 : 6.484494e+01 
1.963053e+00 1.973403e+00 8.254499e-01 2.588760e-01 4.183146e-01 : 7.248347e+01 
1.962822e+00 1.973502e+00 9.246628e-01 2.309240e-01 4.116235e-01 : 6.885687e+01 
47 	 all_shrink
1.962695e+00 1.973128e+00 8.139488e-01 2.652711e-01 4.634837e-01 : 5.990853e+01 
1.962926e+00 1.973561e+00 8.222824e-01 2.664666e-01 4.195716e-01 : 6.937117e+01 
1.962880e+00 1.973657e+00 8.210540e-01 2.621697e-01 4.060237e-01 : 7.620982e+01 
1.963720e+00 1.972899e+00 8.432051e-01 2.993344e-01 4.177377e-01 : 6.484494e+01 
1.963053e+00 1.973403e+00 8.254499e-01 2.588760e-01 4.183146e-01 : 7.248347e+01 
1.962822e+00 1.973502e+00 9.246628e-01 2.309240e-01 4.116235e-01 : 6.885687e+01 
48 	 all_shrink
1.962695e+00 1.973128e+00 8.139488e-01 2.652711e-01 4.634837e-01 : 5.990853e+01 
1.962926e+00 1.973561e+00 8.222824e-01 2.664666e-01 4.195716e-01 : 6.937117e+01 
1.962880e+00 1.973657e+00 8.210540e-01 2.621697e-01 4.060237e-01 : 7.620982e+01 
1.963207e+00 1.973013e+00 8.285770e-01 2.823027e-01 4.406107e-01 : 5.876350e+01 
1.963053e+00 1.973403e+00 8.254499e-01 2.588760e-01 4.183146e-01 : 7.248347e+01 
1.962822e+00 1.973502e+00 9.246628e-01 2.309240e-01 4.116235e-01 : 6.885687e+01 
49 	 all_shrink
1.962695e+00 1.973128e+00 8.139488e-01 2.652711e-01 4.634837e-01 : 5.990853e+01 
1.962926e+00 1.973561e+00 8.222824e-01 2.664666e-01 4.195716e-01 : 6.937117e+01 
1.962880e+00 1.973657e+00 8.210540e-01 2.621697e-01 4.060237e-01 : 7.620982e+01 
1.963207e+00 1.973013e+00 8.285770e-01 2.823027e-01 4.406107e-01 : 5.876350e+01 
1.962874e+00 1.973266e+00 8.196994e-01 2.620736e-01 4.408991e-01 : 6.315100e+01 
1.962822e+00 1.973502e+00 9.246628e-01 2.309240e-01 4.116235e-01 : 6.885687e+01 
50 	 all_shrink
1.962695e+00 1.973128e+00 8.139488e-01 2.652711e-01 4.634837e-01 : 5.990853e+01 
1.962926e+00 1.973561e+00 8.222824e-01 2.664666e-01 4.195716e-01 : 6.937117e+01 
1.962880e+00 1.973657e+00 8.210540e-01 2.621697e-01 4.060237e-01 : 7.620982e+01 
1.963207e+00 1.973013e+00 8.285770e-01 2.823027e-01 4.406107e-01 : 5.876350e+01 
1.962874e+00 1.973266e+00 8.196994e-01 2.620736e-01 4.408991e-01 : 6.315100e+01 
1.962759e+00 1.973315e+00 8.693058e-01 2.480976e-01 4.375536e-01 : 9.205926e+01 
52 	 shrink
1.962695e+00 1.973128e+00 8.139488e-01 2.652711e-01 4.634837e-01 : 5.990853e+01 
1.962926e+00 1.973561e+00 8.222824e-01 2.664666e-01 4.195716e-01 : 6.937117e+01 
1.962880e+00 1.973657e+00 8.210540e-01 2.621697e-01 4.060237e-01 : 7.620982e+01 
1.963207e+00 1.973013e+00 8.285770e-01 2.823027e-01 4.406107e-01 : 5.876350e+01 
1.962874e+00 1.973266e+00 8.196994e-01 2.620736e-01 4.408991e-01 : 6.315100e+01 
1.962996e+00 1.973330e+00 7.970156e-01 2.774363e-01 4.323998e-01 : 7.046759e+01 
53 	 keep
1.962695e+00 1.973128e+00 8.139488e-01 2.652711e-01 4.634837e-01 : 5.990853e+01 
1.962926e+00 1.973561e+00 8.222824e-01 2.664666e-01 4.195716e-01 : 6.937117e+01 
1.962999e+00 1.972862e+00 8.115553e-01 2.792505e-01 4.727623e-01 : 5.890936e+01 
1.963207e+00 1.973013e+00 8.285770e-01 2.823027e-01 4.406107e-01 : 5.876350e+01 
1.962874e+00 1.973266e+00 8.196994e-01 2.620736e-01 4.408991e-01 : 6.315100e+01 
1.962996e+00 1.973330e+00 7.970156e-01 2.774363e-01 4.323998e-01 : 7.046759e+01 
54 	 keep
1.962695e+00 1.973128e+00 8.139488e-01 2.652711e-01 4.634837e-01 : 5.990853e+01 
1.962926e+00 1.973561e+00 8.222824e-01 2.664666e-01 4.195716e-01 : 6.937117e+01 
1.962999e+00 1.972862e+00 8.115553e-01 2.792505e-01 4.727623e-01 : 5.890936e+01 
1.963207e+00 1.973013e+00 8.285770e-01 2.823027e-01 4.406107e-01 : 5.876350e+01 
1.962874e+00 1.973266e+00 8.196994e-01 2.620736e-01 4.408991e-01 : 6.315100e+01 
1.962885e+00 1.973002e+00 8.414096e-01 2.647095e-01 4.625311e-01 : 6.401867e+01 
56 	 shrink
1.962695e+00 1.973128e+00 8.139488e-01 2.652711e-01 4.634837e-01 : 5.990853e+01 
1.962935e+00 1.972801e+00 8.234158e-01 2.728489e-01 4.743003e-01 : 5.832535e+01 
1.962999e+00 1.972862e+00 8.115553e-01 2.792505e-01 4.727623e-01 : 5.890936e+01 
1.963207e+00 1.973013e+00 8.285770e-01 2.823027e-01 4.406107e-01 : 5.876350e+01 
1.962874e+00 1.973266e+00 8.196994e-01 2.620736e-01 4.408991e-01 : 6.315100e+01 
1.962885e+00 1.973002e+00 8.414096e-01 2.647095e-01 4.625311e-01 : 6.401867e+01 
58 	 shrink
1.962695e+00 1.973128e+00 8.139488e-01 2.652711e-01 4.634837e-01 : 5.990853e+01 
1.962935e+00 1.972801e+00 8.234158e-01 2.728489e-01 4.743003e-01 : 5.832535e+01 
1.962999e+00 1.972862e+00 8.115553e-01 2.792505e-01 4.727623e-01 : 5.890936e+01 
1.963207e+00 1.973013e+00 8.285770e-01 2.823027e-01 4.406107e-01 : 5.876350e+01 
1.962874e+00 1.973266e+00 8.196994e-01 2.620736e-01 4.408991e-01 : 6.315100e+01 
1.962971e+00 1.973020e+00 8.084541e-01 2.761693e-01 4.563513e-01 : 5.826364e+01 
60 	 shrink
1.962695e+00 1.973128e+00 8.139488e-01 2.652711e-01 4.634837e-01 : 5.990853e+01 
1.962935e+00 1.972801e+00 8.234158e-01 2.728489e-01 4.743003e-01 : 5.832535e+01 
1.962999e+00 1.972862e+00 8.115553e-01 2.792505e-01 4.727623e-01 : 5.890936e+01 
1.963207e+00 1.973013e+00 8.285770e-01 2.823027e-01 4.406107e-01 : 5.876350e+01 
1.963005e+00 1.972814e+00 8.159356e-01 2.817160e-01 4.718029e-01 : 5.718631e+01 
1.962971e+00 1.973020e+00 8.084541e-01 2.761693e-01 4.563513e-01 : 5.826364e+01 
62 	 expand
1.963352e+00 1.972676e+00 8.212262e-01 2.916438e-01 4.628473e-01 : 5.531782e+01 
1.962935e+00 1.972801e+00 8.234158e-01 2.728489e-01 4.743003e-01 : 5.832535e+01 
1.962999e+00 1.972862e+00 8.115553e-01 2.792505e-01 4.727623e-01 : 5.890936e+01 
1.963207e+00 1.973013e+00 8.285770e-01 2.823027e-01 4.406107e-01 : 5.876350e+01 
1.963005e+00 1.972814e+00 8.159356e-01 2.817160e-01 4.718029e-01 : 5.718631e+01 
1.962971e+00 1.973020e+00 8.084541e-01 2.761693e-01 4.563513e-01 : 5.826364e+01 
63 	 keep
1.963352e+00 1.972676e+00 8.212262e-01 2.916438e-01 4.628473e-01 : 5.531782e+01 
1.962935e+00 1.972801e+00 8.234158e-01 2.728489e-01 4.743003e-01 : 5.832535e+01 
1.963189e+00 1.972868e+00 8.274882e-01 2.826218e-01 4.496026e-01 : 5.697739e+01 
1.963207e+00 1.973013e+00 8.285770e-01 2.823027e-01 4.406107e-01 : 5.876350e+01 
1.963005e+00 1.972814e+00 8.159356e-01 2.817160e-01 4.718029e-01 : 5.718631e+01 
1.962971e+00 1.973020e+00 8.084541e-01 2.761693e-01 4.563513e-01 : 5.826364e+01 
65 	 shrink
1.963352e+00 1.972676e+00 8.212262e-01 2.916438e-01 4.628473e-01 : 5.531782e+01 
1.962935e+00 1.972801e+00 8.234158e-01 2.728489e-01 4.743003e-01 : 5.832535e+01 
1.963189e+00 1.972868e+00 8.274882e-01 2.826218e-01 4.496026e-01 : 5.697739e+01 
1.963149e+00 1.972925e+00 8.239405e-01 2.816514e-01 4.517958e-01 : 5.568977e+01 
1.963005e+00 1.972814e+00 8.159356e-01 2.817160e-01 4.718029e-01 : 5.718631e+01 
1.962971e+00 1.973020e+00 8.084541e-01 2.761693e-01 4.563513e-01 : 5.826364e+01 
67 	 expand
1.963352e+00 1.972676e+00 8.212262e-01 2.916438e-01 4.628473e-01 : 5.531782e+01 
1.963331e+00 1.972920e+00 8.154021e-01 2.926720e-01 4.426597e-01 : 5.479025e+01 
1.963189e+00 1.972868e+00 8.274882e-01 2.826218e-01 4.496026e-01 : 5.697739e+01 
1.963149e+00 1.972925e+00 8.239405e-01 2.816514e-01 4.517958e-01 : 5.568977e+01 
1.963005e+00 1.972814e+00 8.159356e-01 2.817160e-01 4.718029e-01 : 5.718631e+01 
1.962971e+00 1.973020e+00 8.084541e-01 2.761693e-01 4.563513e-01 : 5.826364e+01 
69 	 shrink
1.963352e+00 1.972676e+00 8.212262e-01 2.916438e-01 4.628473e-01 : 5.531782e+01 
1.963331e+00 1.972920e+00 8.154021e-01 2.926720e-01 4.426597e-01 : 5.479025e+01 
1.963189e+00 1.972868e+00 8.274882e-01 2.826218e-01 4.496026e-01 : 5.697739e+01 
1.963149e+00 1.972925e+00 8.239405e-01 2.816514e-01 4.517958e-01 : 5.568977e+01 
1.963005e+00 1.972814e+00 8.159356e-01 2.817160e-01 4.718029e-01 : 5.718631e+01 
1.963088e+00 1.972930e+00 8.146263e-01 2.811152e-01 4.560465e-01 : 5.514487e+01 
71 	 shrink
1.963352e+00 1.972676e+00 8.212262e-01 2.916438e-01 4.628473e-01 : 5.531782e+01 
1.963331e+00 1.972920e+00 8.154021e-01 2.926720e-01 4.426597e-01 : 5.479025e+01 
1.963189e+00 1.972868e+00 8.274882e-01 2.826218e-01 4.496026e-01 : 5.697739e+01 
1.963149e+00 1.972925e+00 8.239405e-01 2.816514e-01 4.517958e-01 : 5.568977e+01 
1.963113e+00 1.972839e+00 8.182361e-01 2.838284e-01 4.621966e-01 : 5.482881e+01 
1.963088e+00 1.972930e+00 8.146263e-01 2.811152e-01 4.560465e-01 : 5.514487e+01 
72 	 keep
1.963352e+00 1.972676e+00 8.212262e-01 2.916438e-01 4.628473e-01 : 5.531782e+01 
1.963331e+00 1.972920e+00 8.154021e-01 2.926720e-01 4.426597e-01 : 5.479025e+01 
1.963224e+00 1.972848e+00 8.098843e-01 2.897425e-01 4.606157e-01 : 5.517134e+01 
1.963149e+00 1.972925e+00 8.239405e-01 2.816514e-01 4.517958e-01 : 5.568977e+01 
1.963113e+00 1.972839e+00 8.182361e-01 2.838284e-01 4.621966e-01 : 5.482881e+01 
1.963088e+00 1.972930e+00 8.146263e-01 2.811152e-01 4.560465e-01 : 5.514487e+01 
74 	 shrink
1.963352e+00 1.972676e+00 8.212262e-01 2.916438e-01 4.628473e-01 : 5.531782e+01 
1.963331e+00 1.972920e+00 8.154021e-01 2.926720e-01 4.426597e-01 : 5.479025e+01 
1.963224e+00 1.972848e+00 8.098843e-01 2.897425e-01 4.606157e-01 : 5.517134e+01 
1.963258e+00 1.972802e+00 8.118423e-01 2.908749e-01 4.594118e-01 : 5.452394e+01 
1.963113e+00 1.972839e+00 8.182361e-01 2.838284e-01 4.621966e-01 : 5.482881e+01 
1.963088e+00 1.972930e+00 8.146263e-01 2.811152e-01 4.560465e-01 : 5.514487e+01 
76 	 shrink
1.963277e+00 1.972772e+00 8.176122e-01 2.896452e-01 4.595167e-01 : 5.427535e+01 
1.963331e+00 1.972920e+00 8.154021e-01 2.926720e-01 4.426597e-01 : 5.479025e+01 
1.963224e+00 1.972848e+00 8.098843e-01 2.897425e-01 4.606157e-01 : 5.517134e+01 
1.963258e+00 1.972802e+00 8.118423e-01 2.908749e-01 4.594118e-01 : 5.452394e+01 
1.963113e+00 1.972839e+00 8.182361e-01 2.838284e-01 4.621966e-01 : 5.482881e+01 
1.963088e+00 1.972930e+00 8.146263e-01 2.811152e-01 4.560465e-01 : 5.514487e+01 
77 	 keep
1.963277e+00 1.972772e+00 8.176122e-01 2.896452e-01 4.595167e-01 : 5.427535e+01 
1.963331e+00 1.972920e+00 8.154021e-01 2.926720e-01 4.426597e-01 : 5.479025e+01 
1.963203e+00 1.972857e+00 8.212033e-01 2.855118e-01 4.513168e-01 : 5.483522e+01 
1.963258e+00 1.972802e+00 8.118423e-01 2.908749e-01 4.594118e-01 : 5.452394e+01 
1.963113e+00 1.972839e+00 8.182361e-01 2.838284e-01 4.621966e-01 : 5.482881e+01 
1.963088e+00 1.972930e+00 8.146263e-01 2.811152e-01 4.560465e-01 : 5.514487e+01 
78 	 keep
1.963277e+00 1.972772e+00 8.176122e-01 2.896452e-01 4.595167e-01 : 5.427535e+01 
1.963331e+00 1.972920e+00 8.154021e-01 2.926720e-01 4.426597e-01 : 5.479025e+01 
1.963203e+00 1.972857e+00 8.212033e-01 2.855118e-01 4.513168e-01 : 5.483522e+01 
1.963258e+00 1.972802e+00 8.118423e-01 2.908749e-01 4.594118e-01 : 5.452394e+01 
1.963113e+00 1.972839e+00 8.182361e-01 2.838284e-01 4.621966e-01 : 5.482881e+01 
1.963385e+00 1.972746e+00 8.190921e-01 2.958978e-01 4.539942e-01 : 5.428666e+01 
79 	 keep
1.963277e+00 1.972772e+00 8.176122e-01 2.896452e-01 4.595167e-01 : 5.427535e+01 
1.963331e+00 1.972920e+00 8.154021e-01 2.926720e-01 4.426597e-01 : 5.479025e+01 
1.963343e+00 1.972774e+00 8.116706e-01 2.956555e-01 4.597948e-01 : 5.443029e+01 
1.963258e+00 1.972802e+00 8.118423e-01 2.908749e-01 4.594118e-01 : 5.452394e+01 
1.963113e+00 1.972839e+00 8.182361e-01 2.838284e-01 4.621966e-01 : 5.482881e+01 
1.963385e+00 1.972746e+00 8.190921e-01 2.958978e-01 4.539942e-01 : 5.428666e+01 
81 	 expand
1.963277e+00 1.972772e+00 8.176122e-01 2.896452e-01 4.595167e-01 : 5.427535e+01 
1.963331e+00 1.972920e+00 8.154021e-01 2.926720e-01 4.426597e-01 : 5.479025e+01 
1.963343e+00 1.972774e+00 8.116706e-01 2.956555e-01 4.597948e-01 : 5.443029e+01 
1.963258e+00 1.972802e+00 8.118423e-01 2.908749e-01 4.594118e-01 : 5.452394e+01 
1.963525e+00 1.972767e+00 8.120116e-01 3.020698e-01 4.479542e-01 : 5.398559e+01 
1.963385e+00 1.972746e+00 8.190921e-01 2.958978e-01 4.539942e-01 : 5.428666e+01 
83 	 shrink
1.963277e+00 1.972772e+00 8.176122e-01 2.896452e-01 4.595167e-01 : 5.427535e+01 
1.963344e+00 1.972846e+00 8.149239e-01 2.937503e-01 4.493970e-01 : 5.392374e+01 
1.963343e+00 1.972774e+00 8.116706e-01 2.956555e-01 4.597948e-01 : 5.443029e+01 
1.963258e+00 1.972802e+00 8.118423e-01 2.908749e-01 4.594118e-01 : 5.452394e+01 
1.963525e+00 1.972767e+00 8.120116e-01 3.020698e-01 4.479542e-01 : 5.398559e+01 
1.963385e+00 1.972746e+00 8.190921e-01 2.958978e-01 4.539942e-01 : 5.428666e+01 
84 	 keep
1.963277e+00 1.972772e+00 8.176122e-01 2.896452e-01 4.595167e-01 : 5.427535e+01 
1.963344e+00 1.972846e+00 8.149239e-01 2.937503e-01 4.493970e-01 : 5.392374e+01 
1.963343e+00 1.972774e+00 8.116706e-01 2.956555e-01 4.597948e-01 : 5.443029e+01 
1.963492e+00 1.972760e+00 8.182819e-01 2.999326e-01 4.488509e-01 : 5.432215e+01 
1.963525e+00 1.972767e+00 8.120116e-01 3.020698e-01 4.479542e-01 : 5.398559e+01 
1.963385e+00 1.972746e+00 8.190921e-01 2.958978e-01 4.539942e-01 : 5.428666e+01 
86 	 shrink
1.963277e+00 1.972772e+00 8.176122e-01 2.896452e-01 4.595167e-01 : 5.427535e+01 
1.963344e+00 1.972846e+00 8.149239e-01 2.937503e-01 4.493970e-01 : 5.392374e+01 
1.963374e+00 1.972776e+00 8.140275e-01 2.959573e-01 4.558687e-01 : 5.388446e+01 
1.963492e+00 1.972760e+00 8.182819e-01 2.999326e-01 4.488509e-01 : 5.432215e+01 
1.963525e+00 1.972767e+00 8.120116e-01 3.020698e-01 4.479542e-01 : 5.398559e+01 
1.963385e+00 1.972746e+00 8.190921e-01 2.958978e-01 4.539942e-01 : 5.428666e+01 
87 	 keep
1.963277e+00 1.972772e+00 8.176122e-01 2.896452e-01 4.595167e-01 : 5.427535e+01 
1.963344e+00 1.972846e+00 8.149239e-01 2.937503e-01 4.493970e-01 : 5.392374e+01 
1.963374e+00 1.972776e+00 8.140275e-01 2.959573e-01 4.558687e-01 : 5.388446e+01 
1.963270e+00 1.972803e+00 8.127850e-01 2.909956e-01 4.578414e-01 : 5.423550e+01 
1.963525e+00 1.972767e+00 8.120116e-01 3.020698e-01 4.479542e-01 : 5.398559e+01 
1.963385e+00 1.972746e+00 8.190921e-01 2.958978e-01 4.539942e-01 : 5.428666e+01 
89 	 shrink
1.963277e+00 1.972772e+00 8.176122e-01 2.896452e-01 4.595167e-01 : 5.427535e+01 
1.963344e+00 1.972846e+00 8.149239e-01 2.937503e-01 4.493970e-01 : 5.392374e+01 
1.963374e+00 1.972776e+00 8.140275e-01 2.959573e-01 4.558687e-01 : 5.388446e+01 
1.963270e+00 1.972803e+00 8.127850e-01 2.909956e-01 4.578414e-01 : 5.423550e+01 
1.963525e+00 1.972767e+00 8.120116e-01 3.020698e-01 4.479542e-01 : 5.398559e+01 
1.963372e+00 1.972769e+00 8.166821e-01 2.951907e-01 4.540549e-01 : 5.389677e+01 
91 	 shrink
1.963427e+00 1.972802e+00 8.123229e-01 2.985665e-01 4.497765e-01 : 5.387475e+01 
1.963344e+00 1.972846e+00 8.149239e-01 2.937503e-01 4.493970e-01 : 5.392374e+01 
1.963374e+00 1.972776e+00 8.140275e-01 2.959573e-01 4.558687e-01 : 5.388446e+01 
1.963270e+00 1.972803e+00 8.127850e-01 2.909956e-01 4.578414e-01 : 5.423550e+01 
1.963525e+00 1.972767e+00 8.120116e-01 3.020698e-01 4.479542e-01 : 5.398559e+01 
1.963372e+00 1.972769e+00 8.166821e-01 2.951907e-01 4.540549e-01 : 5.389677e+01 
93 	 shrink
1.963427e+00 1.972802e+00 8.123229e-01 2.985665e-01 4.497765e-01 : 5.387475e+01 
1.963344e+00 1.972846e+00 8.149239e-01 2.937503e-01 4.493970e-01 : 5.392374e+01 
1.963374e+00 1.972776e+00 8.140275e-01 2.959573e-01 4.558687e-01 : 5.388446e+01 
1.963477e+00 1.972787e+00 8.145979e-01 3.001626e-01 4.481947e-01 : 5.390884e+01 
1.963525e+00 1.972767e+00 8.120116e-01 3.020698e-01 4.479542e-01 : 5.398559e+01 
1.963372e+00 1.972769e+00 8.166821e-01 2.951907e-01 4.540549e-01 : 5.389677e+01 
95 	 shrink
1.963427e+00 1.972802e+00 8.123229e-01 2.985665e-01 4.497765e-01 : 5.387475e+01 
1.963344e+00 1.972846e+00 8.149239e-01 2.937503e-01 4.493970e-01 : 5.392374e+01 
1.963374e+00 1.972776e+00 8.140275e-01 2.959573e-01 4.558687e-01 : 5.388446e+01 
1.963477e+00 1.972787e+00 8.145979e-01 3.001626e-01 4.481947e-01 : 5.390884e+01 
1.963336e+00 1.972811e+00 8.157605e-01 2.940534e-01 4.532104e-01 : 5.381588e+01 
1.963372e+00 1.972769e+00 8.166821e-01 2.951907e-01 4.540549e-01 : 5.389677e+01 
97 	 shrink
1.963427e+00 1.972802e+00 8.123229e-01 2.985665e-01 4.497765e-01 : 5.387475e+01 
1.963371e+00 1.972818e+00 8.148010e-01 2.952682e-01 4.508090e-01 : 5.380676e+01 
1.963374e+00 1.972776e+00 8.140275e-01 2.959573e-01 4.558687e-01 : 5.388446e+01 
1.963477e+00 1.972787e+00 8.145979e-01 3.001626e-01 4.481947e-01 : 5.390884e+01 
1.963336e+00 1.972811e+00 8.157605e-01 2.940534e-01 4.532104e-01 : 5.381588e+01 
1.963372e+00 1.972769e+00 8.166821e-01 2.951907e-01 4.540549e-01 : 5.389677e+01 
99 	 shrink
1.963427e+00 1.972802e+00 8.123229e-01 2.985665e-01 4.497765e-01 : 5.387475e+01 
1.963371e+00 1.972818e+00 8.148010e-01 2.952682e-01 4.508090e-01 : 5.380676e+01 
1.963374e+00 1.972776e+00 8.140275e-01 2.959573e-01 4.558687e-01 : 5.388446e+01 
1.963427e+00 1.972791e+00 8.146583e-01 2.979849e-01 4.504693e-01 : 5.380340e+01 
1.963336e+00 1.972811e+00 8.157605e-01 2.940534e-01 4.532104e-01 : 5.381588e+01 
1.963372e+00 1.972769e+00 8.166821e-01 2.951907e-01 4.540549e-01 : 5.389677e+01 
101 	 shrink
1.963427e+00 1.972802e+00 8.123229e-01 2.985665e-01 4.497765e-01 : 5.387475e+01 
1.963371e+00 1.972818e+00 8.148010e-01 2.952682e-01 4.508090e-01 : 5.380676e+01 
1.963374e+00 1.972776e+00 8.140275e-01 2.959573e-01 4.558687e-01 : 5.388446e+01 
1.963427e+00 1.972791e+00 8.146583e-01 2.979849e-01 4.504693e-01 : 5.380340e+01 
1.963336e+00 1.972811e+00 8.157605e-01 2.940534e-01 4.532104e-01 : 5.381588e+01 
1.963379e+00 1.972785e+00 8.154981e-01 2.957784e-01 4.530408e-01 : 5.380285e+01 
