iterator+action+parameters+metrics
1 	 keep
4.231490e-01 8.709760e-01 6.065960e-01 6.577720e-01 -1.492340e-01 : 7.618717e+01 
5.129610e-01 2.232420e-01 4.299180e-01 9.380520e-01 1.034480e-01 : 1.061591e+02 
3.423320e-01 3.174870e-01 3.064850e-01 4.606140e-01 -3.819300e-02 : 8.651644e+01 
3.716708e-01 9.802641e-01 3.288366e-01 9.805946e-01 3.067120e-01 : 7.139658e+01 
6.890120e-01 5.805310e-01 1.225276e+00 3.972760e-01 -8.536600e-02 : 7.474968e+01 
5.028606e-01 6.618292e-01 5.562139e-01 7.031226e-01 6.907011e-02 : 4.011778e+01 
3 	 shrink
4.231490e-01 8.709760e-01 6.065960e-01 6.577720e-01 -1.492340e-01 : 7.618717e+01 
4.893829e-01 4.527297e-01 5.172997e-01 7.889639e-01 6.202291e-02 : 7.643099e+01 
3.423320e-01 3.174870e-01 3.064850e-01 4.606140e-01 -3.819300e-02 : 8.651644e+01 
3.716708e-01 9.802641e-01 3.288366e-01 9.805946e-01 3.067120e-01 : 7.139658e+01 
6.890120e-01 5.805310e-01 1.225276e+00 3.972760e-01 -8.536600e-02 : 7.474968e+01 
5.028606e-01 6.618292e-01 5.562139e-01 7.031226e-01 6.907011e-02 : 4.011778e+01 
5 	 shrink
4.231490e-01 8.709760e-01 6.065960e-01 6.577720e-01 -1.492340e-01 : 7.618717e+01 
4.893829e-01 4.527297e-01 5.172997e-01 7.889639e-01 6.202291e-02 : 7.643099e+01 
6.480982e-01 1.101045e+00 9.872039e-01 9.504777e-01 1.194750e-01 : 8.201010e+01 
3.716708e-01 9.802641e-01 3.288366e-01 9.805946e-01 3.067120e-01 : 7.139658e+01 
6.890120e-01 5.805310e-01 1.225276e+00 3.972760e-01 -8.536600e-02 : 7.474968e+01 
5.028606e-01 6.618292e-01 5.562139e-01 7.031226e-01 6.907011e-02 : 4.011778e+01 
6 	 all_shrink
4.630048e-01 7.664026e-01 5.814050e-01 6.804473e-01 -4.008195e-02 : 9.385856e+01 
4.893829e-01 4.527297e-01 5.172997e-01 7.889639e-01 6.202291e-02 : 7.643099e+01 
6.480982e-01 1.101045e+00 9.872039e-01 9.504777e-01 1.194750e-01 : 8.201010e+01 
3.716708e-01 9.802641e-01 3.288366e-01 9.805946e-01 3.067120e-01 : 7.139658e+01 
6.890120e-01 5.805310e-01 1.225276e+00 3.972760e-01 -8.536600e-02 : 7.474968e+01 
5.028606e-01 6.618292e-01 5.562139e-01 7.031226e-01 6.907011e-02 : 4.011778e+01 
7 	 all_shrink
4.630048e-01 7.664026e-01 5.814050e-01 6.804473e-01 -4.008195e-02 : 9.385856e+01 
4.961218e-01 5.572795e-01 5.367568e-01 7.460433e-01 6.554651e-02 : 5.247993e+01 
6.480982e-01 1.101045e+00 9.872039e-01 9.504777e-01 1.194750e-01 : 8.201010e+01 
3.716708e-01 9.802641e-01 3.288366e-01 9.805946e-01 3.067120e-01 : 7.139658e+01 
6.890120e-01 5.805310e-01 1.225276e+00 3.972760e-01 -8.536600e-02 : 7.474968e+01 
5.028606e-01 6.618292e-01 5.562139e-01 7.031226e-01 6.907011e-02 : 4.011778e+01 
8 	 all_shrink
4.630048e-01 7.664026e-01 5.814050e-01 6.804473e-01 -4.008195e-02 : 9.385856e+01 
4.961218e-01 5.572795e-01 5.367568e-01 7.460433e-01 6.554651e-02 : 5.247993e+01 
5.754794e-01 8.814371e-01 7.717089e-01 8.268001e-01 9.427255e-02 : 6.404083e+01 
3.716708e-01 9.802641e-01 3.288366e-01 9.805946e-01 3.067120e-01 : 7.139658e+01 
6.890120e-01 5.805310e-01 1.225276e+00 3.972760e-01 -8.536600e-02 : 7.474968e+01 
5.028606e-01 6.618292e-01 5.562139e-01 7.031226e-01 6.907011e-02 : 4.011778e+01 
9 	 all_shrink
4.630048e-01 7.664026e-01 5.814050e-01 6.804473e-01 -4.008195e-02 : 9.385856e+01 
4.961218e-01 5.572795e-01 5.367568e-01 7.460433e-01 6.554651e-02 : 5.247993e+01 
5.754794e-01 8.814371e-01 7.717089e-01 8.268001e-01 9.427255e-02 : 6.404083e+01 
4.372657e-01 8.210466e-01 4.425252e-01 8.418586e-01 1.878910e-01 : 9.276880e+01 
6.890120e-01 5.805310e-01 1.225276e+00 3.972760e-01 -8.536600e-02 : 7.474968e+01 
5.028606e-01 6.618292e-01 5.562139e-01 7.031226e-01 6.907011e-02 : 4.011778e+01 
10 	 all_shrink
4.630048e-01 7.664026e-01 5.814050e-01 6.804473e-01 -4.008195e-02 : 9.385856e+01 
4.961218e-01 5.572795e-01 5.367568e-01 7.460433e-01 6.554651e-02 : 5.247993e+01 
5.754794e-01 8.814371e-01 7.717089e-01 8.268001e-01 9.427255e-02 : 6.404083e+01 
4.372657e-01 8.210466e-01 4.425252e-01 8.418586e-01 1.878910e-01 : 9.276880e+01 
5.959363e-01 6.211801e-01 8.907449e-01 5.501993e-01 -8.147945e-03 : 8.409152e+01 
5.028606e-01 6.618292e-01 5.562139e-01 7.031226e-01 6.907011e-02 : 4.011778e+01 
12 	 shrink
4.922688e-01 7.374786e-01 6.104975e-01 7.070260e-01 2.082225e-02 : 8.842665e+01 
4.961218e-01 5.572795e-01 5.367568e-01 7.460433e-01 6.554651e-02 : 5.247993e+01 
5.754794e-01 8.814371e-01 7.717089e-01 8.268001e-01 9.427255e-02 : 6.404083e+01 
4.372657e-01 8.210466e-01 4.425252e-01 8.418586e-01 1.878910e-01 : 9.276880e+01 
5.959363e-01 6.211801e-01 8.907449e-01 5.501993e-01 -8.147945e-03 : 8.409152e+01 
5.028606e-01 6.618292e-01 5.562139e-01 7.031226e-01 6.907011e-02 : 4.011778e+01 
13 	 keep
4.922688e-01 7.374786e-01 6.104975e-01 7.070260e-01 2.082225e-02 : 8.842665e+01 
4.961218e-01 5.572795e-01 5.367568e-01 7.460433e-01 6.554651e-02 : 5.247993e+01 
5.754794e-01 8.814371e-01 7.717089e-01 8.268001e-01 9.427255e-02 : 6.404083e+01 
6.278010e-01 5.626351e-01 9.038436e-01 5.714179e-01 9.126564e-02 : 8.164026e+01 
5.959363e-01 6.211801e-01 8.907449e-01 5.501993e-01 -8.147945e-03 : 8.409152e+01 
5.028606e-01 6.618292e-01 5.562139e-01 7.031226e-01 6.907011e-02 : 4.011778e+01 
15 	 shrink
6.270108e-01 5.762658e-01 8.532098e-01 6.520072e-01 1.039805e-01 : 8.224420e+01 
4.961218e-01 5.572795e-01 5.367568e-01 7.460433e-01 6.554651e-02 : 5.247993e+01 
5.754794e-01 8.814371e-01 7.717089e-01 8.268001e-01 9.427255e-02 : 6.404083e+01 
6.278010e-01 5.626351e-01 9.038436e-01 5.714179e-01 9.126564e-02 : 8.164026e+01 
5.959363e-01 6.211801e-01 8.907449e-01 5.501993e-01 -8.147945e-03 : 8.409152e+01 
5.028606e-01 6.618292e-01 5.562139e-01 7.031226e-01 6.907011e-02 : 4.011778e+01 
16 	 all_shrink
5.649357e-01 6.190475e-01 7.047119e-01 6.775649e-01 8.652530e-02 : 7.310649e+01 
4.961218e-01 5.572795e-01 5.367568e-01 7.460433e-01 6.554651e-02 : 5.247993e+01 
5.754794e-01 8.814371e-01 7.717089e-01 8.268001e-01 9.427255e-02 : 6.404083e+01 
6.278010e-01 5.626351e-01 9.038436e-01 5.714179e-01 9.126564e-02 : 8.164026e+01 
5.959363e-01 6.211801e-01 8.907449e-01 5.501993e-01 -8.147945e-03 : 8.409152e+01 
5.028606e-01 6.618292e-01 5.562139e-01 7.031226e-01 6.907011e-02 : 4.011778e+01 
17 	 all_shrink
5.649357e-01 6.190475e-01 7.047119e-01 6.775649e-01 8.652530e-02 : 7.310649e+01 
4.994912e-01 6.095543e-01 5.464854e-01 7.245829e-01 6.730831e-02 : 8.323941e+01 
5.754794e-01 8.814371e-01 7.717089e-01 8.268001e-01 9.427255e-02 : 6.404083e+01 
6.278010e-01 5.626351e-01 9.038436e-01 5.714179e-01 9.126564e-02 : 8.164026e+01 
5.959363e-01 6.211801e-01 8.907449e-01 5.501993e-01 -8.147945e-03 : 8.409152e+01 
5.028606e-01 6.618292e-01 5.562139e-01 7.031226e-01 6.907011e-02 : 4.011778e+01 
18 	 all_shrink
5.649357e-01 6.190475e-01 7.047119e-01 6.775649e-01 8.652530e-02 : 7.310649e+01 
4.994912e-01 6.095543e-01 5.464854e-01 7.245829e-01 6.730831e-02 : 8.323941e+01 
5.391700e-01 7.716332e-01 6.639614e-01 7.649614e-01 8.167133e-02 : 1.174304e+02 
6.278010e-01 5.626351e-01 9.038436e-01 5.714179e-01 9.126564e-02 : 8.164026e+01 
5.959363e-01 6.211801e-01 8.907449e-01 5.501993e-01 -8.147945e-03 : 8.409152e+01 
5.028606e-01 6.618292e-01 5.562139e-01 7.031226e-01 6.907011e-02 : 4.011778e+01 
19 	 all_shrink
5.649357e-01 6.190475e-01 7.047119e-01 6.775649e-01 8.652530e-02 : 7.310649e+01 
4.994912e-01 6.095543e-01 5.464854e-01 7.245829e-01 6.730831e-02 : 8.323941e+01 
5.391700e-01 7.716332e-01 6.639614e-01 7.649614e-01 8.167133e-02 : 1.174304e+02 
5.653308e-01 6.122322e-01 7.300287e-01 6.372703e-01 8.016788e-02 : 7.451001e+01 
5.959363e-01 6.211801e-01 8.907449e-01 5.501993e-01 -8.147945e-03 : 8.409152e+01 
5.028606e-01 6.618292e-01 5.562139e-01 7.031226e-01 6.907011e-02 : 4.011778e+01 
20 	 all_shrink
5.649357e-01 6.190475e-01 7.047119e-01 6.775649e-01 8.652530e-02 : 7.310649e+01 
4.994912e-01 6.095543e-01 5.464854e-01 7.245829e-01 6.730831e-02 : 8.323941e+01 
5.391700e-01 7.716332e-01 6.639614e-01 7.649614e-01 8.167133e-02 : 1.174304e+02 
5.653308e-01 6.122322e-01 7.300287e-01 6.372703e-01 8.016788e-02 : 7.451001e+01 
5.493984e-01 6.415047e-01 7.234794e-01 6.266609e-01 3.046108e-02 : 8.249227e+01 
5.028606e-01 6.618292e-01 5.562139e-01 7.031226e-01 6.907011e-02 : 4.011778e+01 
22 	 shrink
5.649357e-01 6.190475e-01 7.047119e-01 6.775649e-01 8.652530e-02 : 7.310649e+01 
4.994912e-01 6.095543e-01 5.464854e-01 7.245829e-01 6.730831e-02 : 8.323941e+01 
5.350200e-01 5.574338e-01 6.462951e-01 6.282798e-01 5.922414e-02 : 9.562803e+01 
5.653308e-01 6.122322e-01 7.300287e-01 6.372703e-01 8.016788e-02 : 7.451001e+01 
5.493984e-01 6.415047e-01 7.234794e-01 6.266609e-01 3.046108e-02 : 8.249227e+01 
5.028606e-01 6.618292e-01 5.562139e-01 7.031226e-01 6.907011e-02 : 4.011778e+01 
24 	 shrink
5.649357e-01 6.190475e-01 7.047119e-01 6.775649e-01 8.652530e-02 : 7.310649e+01 
4.994912e-01 6.095543e-01 5.464854e-01 7.245829e-01 6.730831e-02 : 8.323941e+01 
5.350200e-01 5.574338e-01 6.462951e-01 6.282798e-01 5.922414e-02 : 9.562803e+01 
5.653308e-01 6.122322e-01 7.300287e-01 6.372703e-01 8.016788e-02 : 7.451001e+01 
5.493984e-01 6.415047e-01 7.234794e-01 6.266609e-01 3.046108e-02 : 8.249227e+01 
5.028606e-01 6.618292e-01 5.562139e-01 7.031226e-01 6.907011e-02 : 4.011778e+01 
25 	 all_shrink
5.338982e-01 6.404384e-01 6.304629e-01 6.903438e-01 7.779771e-02 : 9.029042e+01 
4.994912e-01 6.095543e-01 5.464854e-01 7.245829e-01 6.730831e-02 : 8.323941e+01 
5.350200e-01 5.574338e-01 6.462951e-01 6.282798e-01 5.922414e-02 : 9.562803e+01 
5.653308e-01 6.122322e-01 7.300287e-01 6.372703e-01 8.016788e-02 : 7.451001e+01 
5.493984e-01 6.415047e-01 7.234794e-01 6.266609e-01 3.046108e-02 : 8.249227e+01 
5.028606e-01 6.618292e-01 5.562139e-01 7.031226e-01 6.907011e-02 : 4.011778e+01 
26 	 all_shrink
5.338982e-01 6.404384e-01 6.304629e-01 6.903438e-01 7.779771e-02 : 9.029042e+01 
5.011759e-01 6.356918e-01 5.513496e-01 7.138528e-01 6.818921e-02 : 6.014793e+01 
5.350200e-01 5.574338e-01 6.462951e-01 6.282798e-01 5.922414e-02 : 9.562803e+01 
5.653308e-01 6.122322e-01 7.300287e-01 6.372703e-01 8.016788e-02 : 7.451001e+01 
5.493984e-01 6.415047e-01 7.234794e-01 6.266609e-01 3.046108e-02 : 8.249227e+01 
5.028606e-01 6.618292e-01 5.562139e-01 7.031226e-01 6.907011e-02 : 4.011778e+01 
27 	 all_shrink
5.338982e-01 6.404384e-01 6.304629e-01 6.903438e-01 7.779771e-02 : 9.029042e+01 
5.011759e-01 6.356918e-01 5.513496e-01 7.138528e-01 6.818921e-02 : 6.014793e+01 
5.189403e-01 6.096315e-01 6.012545e-01 6.657012e-01 6.414712e-02 : 1.070419e+02 
5.653308e-01 6.122322e-01 7.300287e-01 6.372703e-01 8.016788e-02 : 7.451001e+01 
5.493984e-01 6.415047e-01 7.234794e-01 6.266609e-01 3.046108e-02 : 8.249227e+01 
5.028606e-01 6.618292e-01 5.562139e-01 7.031226e-01 6.907011e-02 : 4.011778e+01 
28 	 all_shrink
5.338982e-01 6.404384e-01 6.304629e-01 6.903438e-01 7.779771e-02 : 9.029042e+01 
5.011759e-01 6.356918e-01 5.513496e-01 7.138528e-01 6.818921e-02 : 6.014793e+01 
5.189403e-01 6.096315e-01 6.012545e-01 6.657012e-01 6.414712e-02 : 1.070419e+02 
5.340957e-01 6.370307e-01 6.431213e-01 6.701964e-01 7.461899e-02 : 8.844226e+01 
5.493984e-01 6.415047e-01 7.234794e-01 6.266609e-01 3.046108e-02 : 8.249227e+01 
5.028606e-01 6.618292e-01 5.562139e-01 7.031226e-01 6.907011e-02 : 4.011778e+01 
29 	 all_shrink
5.338982e-01 6.404384e-01 6.304629e-01 6.903438e-01 7.779771e-02 : 9.029042e+01 
5.011759e-01 6.356918e-01 5.513496e-01 7.138528e-01 6.818921e-02 : 6.014793e+01 
5.189403e-01 6.096315e-01 6.012545e-01 6.657012e-01 6.414712e-02 : 1.070419e+02 
5.340957e-01 6.370307e-01 6.431213e-01 6.701964e-01 7.461899e-02 : 8.844226e+01 
5.261295e-01 6.516669e-01 6.398467e-01 6.648918e-01 4.976560e-02 : 8.933330e+01 
5.028606e-01 6.618292e-01 5.562139e-01 7.031226e-01 6.907011e-02 : 4.011778e+01 
31 	 shrink
5.338982e-01 6.404384e-01 6.304629e-01 6.903438e-01 7.779771e-02 : 9.029042e+01 
5.011759e-01 6.356918e-01 5.513496e-01 7.138528e-01 6.818921e-02 : 6.014793e+01 
5.199778e-01 6.631813e-01 6.056711e-01 6.998716e-01 6.975892e-02 : 7.582385e+01 
5.340957e-01 6.370307e-01 6.431213e-01 6.701964e-01 7.461899e-02 : 8.844226e+01 
5.261295e-01 6.516669e-01 6.398467e-01 6.648918e-01 4.976560e-02 : 8.933330e+01 
5.028606e-01 6.618292e-01 5.562139e-01 7.031226e-01 6.907011e-02 : 4.011778e+01 
33 	 shrink
4.997976e-01 6.593216e-01 5.680182e-01 6.904303e-01 5.476343e-02 : 4.690310e+01 
5.011759e-01 6.356918e-01 5.513496e-01 7.138528e-01 6.818921e-02 : 6.014793e+01 
5.199778e-01 6.631813e-01 6.056711e-01 6.998716e-01 6.975892e-02 : 7.582385e+01 
5.340957e-01 6.370307e-01 6.431213e-01 6.701964e-01 7.461899e-02 : 8.844226e+01 
5.261295e-01 6.516669e-01 6.398467e-01 6.648918e-01 4.976560e-02 : 8.933330e+01 
5.028606e-01 6.618292e-01 5.562139e-01 7.031226e-01 6.907011e-02 : 4.011778e+01 
34 	 all_shrink
5.013291e-01 6.605754e-01 5.621160e-01 6.967765e-01 6.191677e-02 : 4.185483e+01 
5.011759e-01 6.356918e-01 5.513496e-01 7.138528e-01 6.818921e-02 : 6.014793e+01 
5.199778e-01 6.631813e-01 6.056711e-01 6.998716e-01 6.975892e-02 : 7.582385e+01 
5.340957e-01 6.370307e-01 6.431213e-01 6.701964e-01 7.461899e-02 : 8.844226e+01 
5.261295e-01 6.516669e-01 6.398467e-01 6.648918e-01 4.976560e-02 : 8.933330e+01 
5.028606e-01 6.618292e-01 5.562139e-01 7.031226e-01 6.907011e-02 : 4.011778e+01 
35 	 all_shrink
5.013291e-01 6.605754e-01 5.621160e-01 6.967765e-01 6.191677e-02 : 4.185483e+01 
5.020182e-01 6.487605e-01 5.537818e-01 7.084877e-01 6.862966e-02 : 4.589669e+01 
5.199778e-01 6.631813e-01 6.056711e-01 6.998716e-01 6.975892e-02 : 7.582385e+01 
5.340957e-01 6.370307e-01 6.431213e-01 6.701964e-01 7.461899e-02 : 8.844226e+01 
5.261295e-01 6.516669e-01 6.398467e-01 6.648918e-01 4.976560e-02 : 8.933330e+01 
5.028606e-01 6.618292e-01 5.562139e-01 7.031226e-01 6.907011e-02 : 4.011778e+01 
36 	 all_shrink
5.013291e-01 6.605754e-01 5.621160e-01 6.967765e-01 6.191677e-02 : 4.185483e+01 
5.020182e-01 6.487605e-01 5.537818e-01 7.084877e-01 6.862966e-02 : 4.589669e+01 
5.114192e-01 6.625053e-01 5.809425e-01 7.014971e-01 6.941452e-02 : 5.235462e+01 
5.340957e-01 6.370307e-01 6.431213e-01 6.701964e-01 7.461899e-02 : 8.844226e+01 
5.261295e-01 6.516669e-01 6.398467e-01 6.648918e-01 4.976560e-02 : 8.933330e+01 
5.028606e-01 6.618292e-01 5.562139e-01 7.031226e-01 6.907011e-02 : 4.011778e+01 
37 	 all_shrink
5.013291e-01 6.605754e-01 5.621160e-01 6.967765e-01 6.191677e-02 : 4.185483e+01 
5.020182e-01 6.487605e-01 5.537818e-01 7.084877e-01 6.862966e-02 : 4.589669e+01 
5.114192e-01 6.625053e-01 5.809425e-01 7.014971e-01 6.941452e-02 : 5.235462e+01 
5.184782e-01 6.494299e-01 5.996676e-01 6.866595e-01 7.184455e-02 : 6.923646e+01 
5.261295e-01 6.516669e-01 6.398467e-01 6.648918e-01 4.976560e-02 : 8.933330e+01 
5.028606e-01 6.618292e-01 5.562139e-01 7.031226e-01 6.907011e-02 : 4.011778e+01 
38 	 all_shrink
5.013291e-01 6.605754e-01 5.621160e-01 6.967765e-01 6.191677e-02 : 4.185483e+01 
5.020182e-01 6.487605e-01 5.537818e-01 7.084877e-01 6.862966e-02 : 4.589669e+01 
5.114192e-01 6.625053e-01 5.809425e-01 7.014971e-01 6.941452e-02 : 5.235462e+01 
5.184782e-01 6.494299e-01 5.996676e-01 6.866595e-01 7.184455e-02 : 6.923646e+01 
5.144951e-01 6.567481e-01 5.980303e-01 6.840072e-01 5.941785e-02 : 6.604013e+01 
5.028606e-01 6.618292e-01 5.562139e-01 7.031226e-01 6.907011e-02 : 4.011778e+01 
39 	 keep
5.013291e-01 6.605754e-01 5.621160e-01 6.967765e-01 6.191677e-02 : 4.185483e+01 
5.020182e-01 6.487605e-01 5.537818e-01 7.084877e-01 6.862966e-02 : 4.589669e+01 
5.114192e-01 6.625053e-01 5.809425e-01 7.014971e-01 6.941452e-02 : 5.235462e+01 
4.943707e-01 6.667374e-01 5.407662e-01 7.108969e-01 5.953501e-02 : 4.808592e+01 
5.144951e-01 6.567481e-01 5.980303e-01 6.840072e-01 5.941785e-02 : 6.604013e+01 
5.028606e-01 6.618292e-01 5.562139e-01 7.031226e-01 6.907011e-02 : 4.011778e+01 
41 	 shrink
5.013291e-01 6.605754e-01 5.621160e-01 6.967765e-01 6.191677e-02 : 4.185483e+01 
5.020182e-01 6.487605e-01 5.537818e-01 7.084877e-01 6.862966e-02 : 4.589669e+01 
5.114192e-01 6.625053e-01 5.809425e-01 7.014971e-01 6.941452e-02 : 5.235462e+01 
4.943707e-01 6.667374e-01 5.407662e-01 7.108969e-01 5.953501e-02 : 4.808592e+01 
4.963518e-01 6.617483e-01 5.391310e-01 7.142306e-01 6.886089e-02 : 4.492115e+01 
5.028606e-01 6.618292e-01 5.562139e-01 7.031226e-01 6.907011e-02 : 4.011778e+01 
43 	 shrink
5.013291e-01 6.605754e-01 5.621160e-01 6.967765e-01 6.191677e-02 : 4.185483e+01 
5.020182e-01 6.487605e-01 5.537818e-01 7.084877e-01 6.862966e-02 : 4.589669e+01 
5.054027e-01 6.612177e-01 5.656721e-01 7.041000e-01 6.750850e-02 : 4.236746e+01 
4.943707e-01 6.667374e-01 5.407662e-01 7.108969e-01 5.953501e-02 : 4.808592e+01 
4.963518e-01 6.617483e-01 5.391310e-01 7.142306e-01 6.886089e-02 : 4.492115e+01 
5.028606e-01 6.618292e-01 5.562139e-01 7.031226e-01 6.907011e-02 : 4.011778e+01 
45 	 shrink
5.013291e-01 6.605754e-01 5.621160e-01 6.967765e-01 6.191677e-02 : 4.185483e+01 
5.020182e-01 6.487605e-01 5.537818e-01 7.084877e-01 6.862966e-02 : 4.589669e+01 
5.054027e-01 6.612177e-01 5.656721e-01 7.041000e-01 6.750850e-02 : 4.236746e+01 
4.979816e-01 6.627818e-01 5.480746e-01 7.081202e-01 6.336610e-02 : 4.198846e+01 
4.963518e-01 6.617483e-01 5.391310e-01 7.142306e-01 6.886089e-02 : 4.492115e+01 
5.028606e-01 6.618292e-01 5.562139e-01 7.031226e-01 6.907011e-02 : 4.011778e+01 
47 	 shrink
5.013291e-01 6.605754e-01 5.621160e-01 6.967765e-01 6.191677e-02 : 4.185483e+01 
5.014017e-01 6.551955e-01 5.540116e-01 7.068788e-01 6.738707e-02 : 4.120743e+01 
5.054027e-01 6.612177e-01 5.656721e-01 7.041000e-01 6.750850e-02 : 4.236746e+01 
4.979816e-01 6.627818e-01 5.480746e-01 7.081202e-01 6.336610e-02 : 4.198846e+01 
4.963518e-01 6.617483e-01 5.391310e-01 7.142306e-01 6.886089e-02 : 4.492115e+01 
5.028606e-01 6.618292e-01 5.562139e-01 7.031226e-01 6.907011e-02 : 4.011778e+01 
49 	 shrink
5.013291e-01 6.605754e-01 5.621160e-01 6.967765e-01 6.191677e-02 : 4.185483e+01 
5.014017e-01 6.551955e-01 5.540116e-01 7.068788e-01 6.738707e-02 : 4.120743e+01 
5.054027e-01 6.612177e-01 5.656721e-01 7.041000e-01 6.750850e-02 : 4.236746e+01 
4.979816e-01 6.627818e-01 5.480746e-01 7.081202e-01 6.336610e-02 : 4.198846e+01 
4.990735e-01 6.610341e-01 5.481743e-01 7.090151e-01 6.735530e-02 : 4.114821e+01 
5.028606e-01 6.618292e-01 5.562139e-01 7.031226e-01 6.907011e-02 : 4.011778e+01 
51 	 shrink
5.013291e-01 6.605754e-01 5.621160e-01 6.967765e-01 6.191677e-02 : 4.185483e+01 
5.014017e-01 6.551955e-01 5.540116e-01 7.068788e-01 6.738707e-02 : 4.120743e+01 
5.029660e-01 6.607505e-01 5.596951e-01 7.044413e-01 6.666379e-02 : 4.055067e+01 
4.979816e-01 6.627818e-01 5.480746e-01 7.081202e-01 6.336610e-02 : 4.198846e+01 
4.990735e-01 6.610341e-01 5.481743e-01 7.090151e-01 6.735530e-02 : 4.114821e+01 
5.028606e-01 6.618292e-01 5.562139e-01 7.031226e-01 6.907011e-02 : 4.011778e+01 
53 	 shrink
5.013291e-01 6.605754e-01 5.621160e-01 6.967765e-01 6.191677e-02 : 4.185483e+01 
5.014017e-01 6.551955e-01 5.540116e-01 7.068788e-01 6.738707e-02 : 4.120743e+01 
5.029660e-01 6.607505e-01 5.596951e-01 7.044413e-01 6.666379e-02 : 4.055067e+01 
5.032985e-01 6.584245e-01 5.600260e-01 7.020102e-01 6.803486e-02 : 4.059295e+01 
4.990735e-01 6.610341e-01 5.481743e-01 7.090151e-01 6.735530e-02 : 4.114821e+01 
5.028606e-01 6.618292e-01 5.562139e-01 7.031226e-01 6.907011e-02 : 4.011778e+01 
55 	 shrink
5.016246e-01 6.600111e-01 5.588701e-01 7.009350e-01 6.480950e-02 : 4.047676e+01 
5.014017e-01 6.551955e-01 5.540116e-01 7.068788e-01 6.738707e-02 : 4.120743e+01 
5.029660e-01 6.607505e-01 5.596951e-01 7.044413e-01 6.666379e-02 : 4.055067e+01 
5.032985e-01 6.584245e-01 5.600260e-01 7.020102e-01 6.803486e-02 : 4.059295e+01 
4.990735e-01 6.610341e-01 5.481743e-01 7.090151e-01 6.735530e-02 : 4.114821e+01 
5.028606e-01 6.618292e-01 5.562139e-01 7.031226e-01 6.907011e-02 : 4.011778e+01 
57 	 shrink
5.016246e-01 6.600111e-01 5.588701e-01 7.009350e-01 6.480950e-02 : 4.047676e+01 
5.016832e-01 6.578027e-01 5.553038e-01 7.053918e-01 6.728689e-02 : 4.036435e+01 
5.029660e-01 6.607505e-01 5.596951e-01 7.044413e-01 6.666379e-02 : 4.055067e+01 
5.032985e-01 6.584245e-01 5.600260e-01 7.020102e-01 6.803486e-02 : 4.059295e+01 
4.990735e-01 6.610341e-01 5.481743e-01 7.090151e-01 6.735530e-02 : 4.114821e+01 
5.028606e-01 6.618292e-01 5.562139e-01 7.031226e-01 6.907011e-02 : 4.011778e+01 
59 	 shrink
5.016246e-01 6.600111e-01 5.588701e-01 7.009350e-01 6.480950e-02 : 4.047676e+01 
5.016832e-01 6.578027e-01 5.553038e-01 7.053918e-01 6.728689e-02 : 4.036435e+01 
5.029660e-01 6.607505e-01 5.596951e-01 7.044413e-01 6.666379e-02 : 4.055067e+01 
5.032985e-01 6.584245e-01 5.600260e-01 7.020102e-01 6.803486e-02 : 4.059295e+01 
5.007800e-01 6.603988e-01 5.530980e-01 7.060977e-01 6.726416e-02 : 4.025529e+01 
5.028606e-01 6.618292e-01 5.562139e-01 7.031226e-01 6.907011e-02 : 4.011778e+01 
60 	 keep
5.016246e-01 6.600111e-01 5.588701e-01 7.009350e-01 6.480950e-02 : 4.047676e+01 
5.016832e-01 6.578027e-01 5.553038e-01 7.053918e-01 6.728689e-02 : 4.036435e+01 
5.029660e-01 6.607505e-01 5.596951e-01 7.044413e-01 6.666379e-02 : 4.055067e+01 
5.006673e-01 6.618924e-01 5.532464e-01 7.059852e-01 6.600292e-02 : 4.045227e+01 
5.007800e-01 6.603988e-01 5.530980e-01 7.060977e-01 6.726416e-02 : 4.025529e+01 
5.028606e-01 6.618292e-01 5.562139e-01 7.031226e-01 6.907011e-02 : 4.011778e+01 
62 	 shrink
5.016246e-01 6.600111e-01 5.588701e-01 7.009350e-01 6.480950e-02 : 4.047676e+01 
5.016832e-01 6.578027e-01 5.553038e-01 7.053918e-01 6.728689e-02 : 4.036435e+01 
5.022446e-01 6.605687e-01 5.575208e-01 7.043739e-01 6.677525e-02 : 4.022467e+01 
5.006673e-01 6.618924e-01 5.532464e-01 7.059852e-01 6.600292e-02 : 4.045227e+01 
5.007800e-01 6.603988e-01 5.530980e-01 7.060977e-01 6.726416e-02 : 4.025529e+01 
5.028606e-01 6.618292e-01 5.562139e-01 7.031226e-01 6.907011e-02 : 4.011778e+01 
64 	 shrink
5.016359e-01 6.602547e-01 5.569733e-01 7.029646e-01 6.604468e-02 : 4.020254e+01 
5.016832e-01 6.578027e-01 5.553038e-01 7.053918e-01 6.728689e-02 : 4.036435e+01 
5.022446e-01 6.605687e-01 5.575208e-01 7.043739e-01 6.677525e-02 : 4.022467e+01 
5.006673e-01 6.618924e-01 5.532464e-01 7.059852e-01 6.600292e-02 : 4.045227e+01 
5.007800e-01 6.603988e-01 5.530980e-01 7.060977e-01 6.726416e-02 : 4.025529e+01 
5.028606e-01 6.618292e-01 5.562139e-01 7.031226e-01 6.907011e-02 : 4.011778e+01 
66 	 shrink
5.016359e-01 6.602547e-01 5.569733e-01 7.029646e-01 6.604468e-02 : 4.020254e+01 
5.016832e-01 6.578027e-01 5.553038e-01 7.053918e-01 6.728689e-02 : 4.036435e+01 
5.022446e-01 6.605687e-01 5.575208e-01 7.043739e-01 6.677525e-02 : 4.022467e+01 
5.012541e-01 6.610316e-01 5.545342e-01 7.051876e-01 6.664557e-02 : 4.020529e+01 
5.007800e-01 6.603988e-01 5.530980e-01 7.060977e-01 6.726416e-02 : 4.025529e+01 
5.028606e-01 6.618292e-01 5.562139e-01 7.031226e-01 6.907011e-02 : 4.011778e+01 
68 	 shrink
5.016359e-01 6.602547e-01 5.569733e-01 7.029646e-01 6.604468e-02 : 4.020254e+01 
5.017191e-01 6.593096e-01 5.554859e-01 7.048706e-01 6.722342e-02 : 4.016421e+01 
5.022446e-01 6.605687e-01 5.575208e-01 7.043739e-01 6.677525e-02 : 4.022467e+01 
5.012541e-01 6.610316e-01 5.545342e-01 7.051876e-01 6.664557e-02 : 4.020529e+01 
5.007800e-01 6.603988e-01 5.530980e-01 7.060977e-01 6.726416e-02 : 4.025529e+01 
5.028606e-01 6.618292e-01 5.562139e-01 7.031226e-01 6.907011e-02 : 4.011778e+01 
70 	 shrink
5.016359e-01 6.602547e-01 5.569733e-01 7.029646e-01 6.604468e-02 : 4.020254e+01 
5.017191e-01 6.593096e-01 5.554859e-01 7.048706e-01 6.722342e-02 : 4.016421e+01 
5.022446e-01 6.605687e-01 5.575208e-01 7.043739e-01 6.677525e-02 : 4.022467e+01 
5.012541e-01 6.610316e-01 5.545342e-01 7.051876e-01 6.664557e-02 : 4.020529e+01 
5.013614e-01 6.604988e-01 5.546218e-01 7.051008e-01 6.720799e-02 : 4.015448e+01 
5.028606e-01 6.618292e-01 5.562139e-01 7.031226e-01 6.907011e-02 : 4.011778e+01 
72 	 shrink
5.016359e-01 6.602547e-01 5.569733e-01 7.029646e-01 6.604468e-02 : 4.020254e+01 
5.017191e-01 6.593096e-01 5.554859e-01 7.048706e-01 6.722342e-02 : 4.016421e+01 
5.020054e-01 6.605767e-01 5.565433e-01 7.043116e-01 6.700680e-02 : 4.015144e+01 
5.012541e-01 6.610316e-01 5.545342e-01 7.051876e-01 6.664557e-02 : 4.020529e+01 
5.013614e-01 6.604988e-01 5.546218e-01 7.051008e-01 6.720799e-02 : 4.015448e+01 
5.028606e-01 6.618292e-01 5.562139e-01 7.031226e-01 6.907011e-02 : 4.011778e+01 
73 	 keep
5.016359e-01 6.602547e-01 5.569733e-01 7.029646e-01 6.604468e-02 : 4.020254e+01 
5.017191e-01 6.593096e-01 5.554859e-01 7.048706e-01 6.722342e-02 : 4.016421e+01 
5.020054e-01 6.605767e-01 5.565433e-01 7.043116e-01 6.700680e-02 : 4.015144e+01 
5.025789e-01 6.599560e-01 5.574011e-01 7.029604e-01 6.797563e-02 : 4.018506e+01 
5.013614e-01 6.604988e-01 5.546218e-01 7.051008e-01 6.720799e-02 : 4.015448e+01 
5.028606e-01 6.618292e-01 5.562139e-01 7.031226e-01 6.907011e-02 : 4.011778e+01 
75 	 shrink
5.023397e-01 6.605238e-01 5.555932e-01 7.046274e-01 6.852284e-02 : 4.014346e+01 
5.017191e-01 6.593096e-01 5.554859e-01 7.048706e-01 6.722342e-02 : 4.016421e+01 
5.020054e-01 6.605767e-01 5.565433e-01 7.043116e-01 6.700680e-02 : 4.015144e+01 
5.025789e-01 6.599560e-01 5.574011e-01 7.029604e-01 6.797563e-02 : 4.018506e+01 
5.013614e-01 6.604988e-01 5.546218e-01 7.051008e-01 6.720799e-02 : 4.015448e+01 
5.028606e-01 6.618292e-01 5.562139e-01 7.031226e-01 6.907011e-02 : 4.011778e+01 
77 	 shrink
5.023397e-01 6.605238e-01 5.555932e-01 7.046274e-01 6.852284e-02 : 4.014346e+01 
5.017191e-01 6.593096e-01 5.554859e-01 7.048706e-01 6.722342e-02 : 4.016421e+01 
5.020054e-01 6.605767e-01 5.565433e-01 7.043116e-01 6.700680e-02 : 4.015144e+01 
5.023181e-01 6.602518e-01 5.565464e-01 7.036835e-01 6.789093e-02 : 4.013778e+01 
5.013614e-01 6.604988e-01 5.546218e-01 7.051008e-01 6.720799e-02 : 4.015448e+01 
5.028606e-01 6.618292e-01 5.562139e-01 7.031226e-01 6.907011e-02 : 4.011778e+01 
78 	 keep
5.023397e-01 6.605238e-01 5.555932e-01 7.046274e-01 6.852284e-02 : 4.014346e+01 
5.026350e-01 6.621625e-01 5.563215e-01 7.034678e-01 6.865605e-02 : 4.014334e+01 
5.020054e-01 6.605767e-01 5.565433e-01 7.043116e-01 6.700680e-02 : 4.015144e+01 
5.023181e-01 6.602518e-01 5.565464e-01 7.036835e-01 6.789093e-02 : 4.013778e+01 
5.013614e-01 6.604988e-01 5.546218e-01 7.051008e-01 6.720799e-02 : 4.015448e+01 
5.028606e-01 6.618292e-01 5.562139e-01 7.031226e-01 6.907011e-02 : 4.011778e+01 
80 	 shrink
5.023397e-01 6.605238e-01 5.555932e-01 7.046274e-01 6.852284e-02 : 4.014346e+01 
5.026350e-01 6.621625e-01 5.563215e-01 7.034678e-01 6.865605e-02 : 4.014334e+01 
5.020054e-01 6.605767e-01 5.565433e-01 7.043116e-01 6.700680e-02 : 4.015144e+01 
5.023181e-01 6.602518e-01 5.565464e-01 7.036835e-01 6.789093e-02 : 4.013778e+01 
5.018966e-01 6.607838e-01 5.554327e-01 7.044717e-01 6.771867e-02 : 4.012768e+01 
5.028606e-01 6.618292e-01 5.562139e-01 7.031226e-01 6.907011e-02 : 4.011778e+01 
