0
1.600000000000000089e+00 2.000000000000000000e+00
1.600000000000000089e+00 2.000000000000000000e+00
-2.000000000000000000e+00 2.000000000000000000e+00
-2.000000000000000000e+00 2.000000000000000000e+00
-2.000000000000000000e+00 2.000000000000000000e+00
1.602043509421551715e+00 1.678545858411217395e+00 -1.552024308026379806e+00 1.498158668661625281e+00 1.369667247766871654e+00
1.693578360947551431e+00 1.623456290612075525e+00 1.820149454006228851e+00 1.209202798904442933e+00 -1.484978824537766418e+00
1.683778268843693304e+00 1.734584233448867696e+00 -1.389678523263436105e+00 -1.333548577862112783e+00 -1.084952388254287303e+00
1.776402661043565256e+00 1.801505088732942461e+00 1.680218871425390059e+00 1.030546749424515074e+00 -1.175092301399382588e+00
1.806558534076003752e+00 1.982512562059395522e+00 1.230789094312767951e+00 -1.201204319936942877e+00 -8.491086289996645498e-01
1.653448065633094322e+00 1.930078861529725964e+00 -1.847638326148586696e+00 -1.255218880607009702e-01 2.864186846157057431e-02
