0
1.000000000000000000e+00 2.000000000000000000e+00
4.000000000000003553e-01 1.200000000000000400e+00
-2.000000000000000000e+00 2.000000000000000000e+00
-2.000000000000000000e+00 2.000000000000000000e+00
-2.000000000000000000e+00 2.000000000000000000e+00
1.162956005958646566e+00 1.176197223535651037e+00 1.618100455936664517e+00 1.026147050172512731e+00 -1.779047495347722663e+00
1.023271448488411117e+00 5.566021212729150847e-01 2.744858507166569872e-01 -1.962224747155453031e+00 4.863355347531665984e-01
1.514039954621691830e+00 1.078955290436840908e+00 1.330225570464901530e+00 1.561729211704482978e+00 -1.963659165385550409e+00
1.454185096460089532e+00 5.610226629836294610e-01 1.946465785005714100e+00 9.338291301268770717e-01 -3.046965724244214968e-01
1.897135142815421283e+00 1.178152115485250118e+00 8.491142762662926557e-01 9.969384302081869542e-01 -4.696850870053324023e-01
1.714608209975666098e+00 7.080987867687632553e-01 -2.698671967756967049e-01 -2.803907483604497486e-01 9.943455247917389883e-01
