0
-2.000000000000000000e+00 -1.000000000000000000e+00
-2.000000000000000000e+00 -1.199999999999999956e+00
-2.000000000000000000e+00 2.000000000000000000e+00
-2.000000000000000000e+00 2.000000000000000000e+00
-2.000000000000000000e+00 2.000000000000000000e+00
-1.997378456144255576e+00 -1.764245645871111323e+00 -1.532027477392924553e+00 1.177957597819200952e+00 -5.190472637715863868e-01
-1.610866795486495473e+00 -1.956647272649549851e+00 -1.318034131635846151e+00 5.678973168159333618e-01 5.836034237209384301e-01
-1.719272124677750480e+00 -1.282074252052317398e+00 6.967772791326432014e-01 7.048775936603535186e-02 1.603257630901883335e+00
-1.778247585976898248e+00 -1.746322443350539100e+00 -1.591590511130744900e+00 4.466137479596299364e-01 -1.294638016176263839e-01
-1.576098416939501590e+00 -1.573089303778931747e+00 -1.860991050195754060e+00 1.191047019702251575e-01 -1.603971458176458142e+00
-1.397921151637227632e+00 -1.820916513377620394e+00 -9.079774028900597926e-01 3.153292046830102890e-02 -5.809481343833544642e-02
