0
0.000000000000000000e+00 1.000000000000000000e+00
-1.199999999999999956e+00 -3.999999999999999112e-01
-2.000000000000000000e+00 2.000000000000000000e+00
-2.000000000000000000e+00 2.000000000000000000e+00
-2.000000000000000000e+00 2.000000000000000000e+00
3.443093975764431880e-01 -8.012800086414049172e-01 -1.045703559030872754e-01 -6.591499088096486325e-01 -9.761041569529709250e-01
5.332065390906941538e-01 -9.998858840715025842e-01 4.542002479903590739e-01 -1.663156877397646838e+00 1.915644390994336810e+00
3.236042175486049111e-01 -8.336549739277150373e-01 1.531791271948474975e+00 -1.391356625143005843e+00 -1.636371311263445705e+00
4.588948882901295878e-01 -5.718853856328448559e-01 -4.732258228223011898e-01 1.794852059767003905e+00 7.146087644016838603e-01
4.095977171376856685e-01 -1.069038357221654412e+00 -9.554591366666831398e-01 5.337185620931368391e-01 -7.281185602763002862e-01
7.711792079645972686e-01 -4.125437773704618838e-01 6.305894950778156982e-03 -1.198848410442244106e+00 5.601172152035895913e-01
