0
-2.000000000000000000e+00 -1.000000000000000000e+00
-1.199999999999999956e+00 -3.999999999999999112e-01
-2.000000000000000000e+00 2.000000000000000000e+00
-2.000000000000000000e+00 2.000000000000000000e+00
-2.000000000000000000e+00 2.000000000000000000e+00
-1.965216112490565603e+00 -5.528673193334936453e-01 -1.388387661272716400e-01 -1.284796085338806293e+00 1.538762285909841321e+00
-1.763834489778193237e+00 -6.364756273085180327e-01 9.087089270973867094e-01 1.740074202719391394e+00 -2.185363076889466072e-01
-1.595048895996182381e+00 -9.623923454409062384e-01 -1.928529954914593780e+00 1.549145392410005151e+00 6.312664657219224651e-01
-1.452772336550431032e+00 -4.908584212764542931e-01 -5.492557480777535694e-01 -1.009831433229611442e+00 3.587203467233761600e-01
-1.553792268016872313e+00 -5.328324344683100788e-01 -1.690026809271696795e+00 9.287470909284714082e-01 -1.751735957451963532e+00
-1.285864257350478601e+00 -5.180733385056879303e-01 1.608865505985719757e+00 8.802458949700286972e-01 -3.795864578379397614e-01
